-500.0  21083.4568  
-499.0  21047.5113  
-498.0  21011.3848  
-497.0  20975.498700000004  
-496.0  20939.514500000005  
-495.0  20903.5142  
-494.0  20867.551  
-493.0  20831.535  
-492.0  20795.4743  
-491.0  20759.545900000005  
-490.0  20723.524400000002  
-489.0  20687.608200000002  
-488.0  20651.429500000002  
-487.0  20615.4136  
-486.0  20579.5381  
-485.0  20543.3569  
-484.0  20507.3525  
-483.0  20471.3582  
-482.0  20435.617100000003  
-481.0  20399.3033  
-480.0  20363.455700000002  
-479.0  20327.534400000004  
-478.0  20291.4022  
-477.0  20255.3629  
-476.0  20219.4169  
-475.0  20183.576100000002  
-474.0  20147.395  
-473.0  20111.394699999997  
-472.0  20075.415  
-471.0  20039.4367  
-470.0  20003.452600000004  
-469.0  19967.3307  
-468.0  19931.3223  
-467.0  19895.5073  
-466.0  19859.4716  
-465.0  19823.5586  
-464.0  19787.5207  
-463.0  19751.5396  
-462.0  19715.4801  
-461.0  19679.5187  
-460.0  19643.4295  
-459.0  19607.557  
-458.0  19571.590000000004  
-457.0  19535.300900000002  
-456.0  19499.4893  
-455.0  19463.592800000002  
-454.0  19427.4366  
-453.0  19391.537200000002  
-452.0  19355.497900000002  
-451.0  19319.409200000002  
-450.0  19283.617400000003  
-449.0  19247.5354  
-448.0  19211.4957  
-447.0  19175.505100000002  
-446.0  19139.4203  
-445.0  19103.5672  
-444.0  19067.6014  
-443.0  19031.343500000003  
-442.0  18995.332000000002  
-441.0  18959.5606  
-440.0  18923.5661  
-439.0  18887.567000000003  
-438.0  18851.3762  
-437.0  18815.5144  
-436.0  18779.4718  
-435.0  18743.5545  
-434.0  18707.5531  
-433.0  18671.4321  
-432.0  18635.4827  
-431.0  18599.4519  
-430.0  18563.562100000003  
-429.0  18527.264900000002  
-428.0  18491.5176  
-427.0  18455.499300000003  
-426.0  18419.398  
-425.0  18383.453999999998  
-424.0  18347.669500000004  
-423.0  18311.403400000003  
-422.0  18275.6053  
-421.0  18239.5569  
-420.0  18203.5174  
-419.0  18167.290200000003  
-418.0  18131.5033  
-417.0  18095.3714  
-416.0  18059.3437  
-415.0  18023.552800000005  
-414.0  17987.4715  
-413.0  17951.3768  
-412.0  17915.5242  
-411.0  17879.591800000002  
-410.0  17843.3167  
-409.0  17807.4214  
-408.0  17771.5913  
-407.0  17735.57  
-406.0  17699.321300000003  
-405.0  17663.4886  
-404.0  17627.4745  
-403.0  17591.4136  
-402.0  17555.4443  
-401.0  17519.578  
-400.0  17483.403000000002  
-399.0  17447.6731  
-398.0  17411.4938  
-397.0  17375.437700000002  
-396.0  17339.629800000002  
-395.0  17303.407  
-394.0  17267.379100000002  
-393.0  17231.459600000002  
-392.0  17195.292500000003  
-391.0  17159.456400000003  
-390.0  17123.595400000002  
-389.0  17087.3474  
-388.0  17051.4905  
-387.0  17015.505900000004  
-386.0  16979.4501  
-385.0  16943.5207  
-384.0  16907.2283  
-383.0  16871.4838  
-382.0  16835.3584  
-381.0  16799.331299999998  
-380.0  16763.4285  
-379.0  16727.455100000003  
-378.0  16691.360099999998  
-377.0  16655.4474  
-376.0  16619.5083  
-375.0  16583.615900000004  
-374.0  16547.416699999998  
-373.0  16511.4139  
-372.0  16475.5773  
-371.0  16439.6688  
-370.0  16403.4447  
-369.0  16367.475900000001  
-368.0  16331.576000000001  
-367.0  16295.609  
-366.0  16259.5507  
-365.0  16223.5251  
-364.0  16187.4846  
-363.0  16151.4885  
-362.0  16115.3924  
-361.0  16079.541100000002  
-360.0  16043.408800000001  
-359.0  16007.408500000001  
-358.0  15971.4558  
-357.0  15935.4792  
-356.0  15899.521800000002  
-355.0  15863.357800000002  
-354.0  15827.4755  
-353.0  15791.5462  
-352.0  15755.4854  
-351.0  15719.3862  
-350.0  15683.516600000003  
-349.0  15647.447800000002  
-348.0  15611.442199999998  
-347.0  15575.377700000001  
-346.0  15539.4858  
-345.0  15503.472500000002  
-344.0  15467.5535  
-343.0  15431.590600000001  
-342.0  15395.467  
-341.0  15359.445200000002  
-340.0  15323.4091  
-339.0  15287.4665  
-338.0  15251.450400000002  
-337.0  15215.4172  
-336.0  15179.5184  
-335.0  15143.5285  
-334.0  15107.485700000001  
-333.0  15071.402300000002  
-332.0  15035.561800000001  
-331.0  14999.448400000001  
-330.0  14963.3721  
-329.0  14927.530700000003  
-328.0  14891.384100000001  
-327.0  14855.4244  
-326.0  14819.544300000001  
-325.0  14783.4679  
-324.0  14747.4735  
-323.0  14711.476600000002  
-322.0  14675.499200000002  
-321.0  14639.366600000001  
-320.0  14603.5444  
-319.0  14567.4732  
-318.0  14531.4326  
-317.0  14495.3498  
-316.0  14459.472600000001  
-315.0  14423.3909  
-314.0  14387.462800000003  
-313.0  14351.486400000002  
-312.0  14315.462900000002  
-311.0  14279.3705  
-310.0  14243.421600000001  
-309.0  14207.5331  
-308.0  14171.392000000002  
-307.0  14135.534500000002  
-306.0  14099.535100000001  
-305.0  14063.555500000002  
-304.0  14027.494300000002  
-303.0  13991.677300000001  
-302.0  13955.4793  
-301.0  13919.5804  
-300.0  13883.561000000002  
-299.0  13847.449300000002  
-298.0  13811.579000000002  
-297.0  13775.343400000002  
-296.0  13739.411  
-295.0  13703.4326  
-294.0  13667.4189  
-293.0  13631.5419  
-292.0  13595.3567  
-291.0  13559.5453  
-290.0  13523.426000000001  
-289.0  13487.463800000001  
-288.0  13451.563400000001  
-287.0  13415.499800000001  
-286.0  13379.4498  
-285.0  13343.4562  
-284.0  13307.4233  
-283.0  13271.522400000002  
-282.0  13235.244000000002  
-281.0  13199.415  
-280.0  13163.589900000003  
-279.0  13127.489400000002  
-278.0  13091.486900000002  
-277.0  13055.517  
-276.0  13019.600000000002  
-275.0  12983.604000000001  
-274.0  12947.331100000001  
-273.0  12911.375800000002  
-272.0  12875.5649  
-271.0  12839.6152  
-270.0  12803.3816  
-269.0  12767.662300000004  
-268.0  12731.3983  
-267.0  12695.7193  
-266.0  12659.323100000001  
-265.0  12623.594700000001  
-264.0  12587.473699999999  
-263.0  12551.484100000001  
-262.0  12515.5321  
-261.0  12479.3317  
-260.0  12443.4788  
-259.0  12407.397500000001  
-258.0  12371.460400000002  
-257.0  12335.5043  
-256.0  12299.550100000002  
-255.0  12263.5503  
-254.0  12227.4601  
-253.0  12191.4744  
-252.0  12155.556499999999  
-251.0  12119.4107  
-250.0  12083.385100000001  
-249.0  12047.518500000002  
-248.0  12011.5331  
-247.0  11975.4957  
-246.0  11939.6002  
-245.0  11903.474900000001  
-244.0  11867.473600000001  
-243.0  11831.386400000001  
-242.0  11795.305100000001  
-241.0  11759.5026  
-240.0  11723.440400000001  
-239.0  11687.5212  
-238.0  11651.4594  
-237.0  11615.4503  
-236.0  11579.5051  
-235.0  11543.480300000001  
-234.0  11507.451200000001  
-233.0  11471.478900000002  
-232.0  11435.3652  
-231.0  11399.4159  
-230.0  11363.548900000002  
-229.0  11327.4322  
-228.0  11291.4992  
-227.0  11255.445800000001  
-226.0  11219.467100000002  
-225.0  11183.470500000001  
-224.0  11147.412100000001  
-223.0  11111.543800000001  
-222.0  11075.546900000001  
-221.0  11039.5013  
-220.0  11003.5223  
-219.0  10967.537500000002  
-218.0  10931.4089  
-217.0  10895.4865  
-216.0  10859.463600000003  
-215.0  10823.5203  
-214.0  10787.334000000003  
-213.0  10751.4941  
-212.0  10715.495600000002  
-211.0  10679.592700000001  
-210.0  10643.440000000002  
-209.0  10607.4264  
-208.0  10571.362200000001  
-207.0  10535.590100000001  
-206.0  10499.349600000001  
-205.0  10463.423200000001  
-204.0  10427.4621  
-203.0  10391.474900000001  
-202.0  10355.5311  
-201.0  10319.3534  
-200.0  10283.4986  
-199.0  10247.4578  
-198.0  10211.3924  
-197.0  10175.417300000001  
-196.0  10139.563600000001  
-195.0  10103.4266  
-194.0  10067.5933  
-193.0  10031.5853  
-192.0  9995.572900000001  
-191.0  9959.542800000001  
-190.0  9923.4838  
-189.0  9887.4446  
-188.0  9851.596000000001  
-187.0  9815.527300000002  
-186.0  9779.4575  
-185.0  9743.3714  
-184.0  9707.445500000002  
-183.0  9671.4181  
-182.0  9635.4891  
-181.0  9599.4253  
-180.0  9563.476700000001  
-179.0  9527.578800000001  
-178.0  9491.599600000001  
-177.0  9455.573800000002  
-176.0  9419.4165  
-175.0  9383.5208  
-174.0  9347.552600000003  
-173.0  9311.550200000001  
-172.0  9275.500900000001  
-171.0  9239.567200000001  
-170.0  9203.558900000002  
-169.0  9167.5242  
-168.0  9131.4982  
-167.0  9095.419100000001  
-166.0  9059.3461  
-165.0  9023.492  
-164.0  8987.454300000001  
-163.0  8951.4361  
-162.0  8915.563900000001  
-161.0  8879.625600000001  
-160.0  8843.6381  
-159.0  8807.5971  
-158.0  8771.5356  
-157.0  8735.4154  
-156.0  8699.5167  
-155.0  8663.522100000002  
-154.0  8627.5354  
-153.0  8591.4701  
-152.0  8555.3564  
-151.0  8519.446600000001  
-150.0  8483.4676  
-149.0  8447.492400000001  
-148.0  8411.278600000001  
-147.0  8375.417000000001  
-146.0  8339.4581  
-145.0  8303.4941  
-144.0  8267.500100000003  
-143.0  8231.337700000002  
-142.0  8195.465700000002  
-141.0  8159.461800000002  
-140.0  8123.434700000001  
-139.0  8087.549500000001  
-138.0  8051.496300000001  
-137.0  8015.4603  
-136.0  7979.546500000001  
-135.0  7943.424000000001  
-134.0  7907.4411  
-133.0  7871.5296  
-132.0  7835.4551  
-131.0  7799.373400000001  
-130.0  7763.522200000001  
-129.0  7727.4469  
-128.0  7691.479000000001  
-127.0  7655.402800000002  
-126.0  7619.527700000001  
-125.0  7583.493100000001  
-124.0  7547.505000000001  
-123.0  7511.573200000002  
-122.0  7475.4008  
-121.0  7439.5101  
-120.0  7403.644900000001  
-119.0  7367.497200000002  
-118.0  7331.500700000001  
-117.0  7295.561299999998  
-116.0  7259.402299999997  
-115.0  7223.467799999997  
-114.0  7187.459299999997  
-113.0  7151.623199999996  
-112.0  7115.570599999997  
-111.0  7079.514399999997  
-110.0  7043.446799999997  
-109.0  7007.527599999997  
-108.0  6971.462399999997  
-107.0  6935.622099999996  
-106.0  6899.547799999997  
-105.0  6863.460199999997  
-104.0  6827.368599999996  
-103.0  6791.415299999997  
-102.0  6755.439399999997  
-101.0  6719.494699999996  
-100.0  6683.496499999997  
-99.0  6647.531799999997  
-98.0  6611.347899999997  
-97.0  6575.503099999997  
-96.0  6539.565999999997  
-95.0  6503.5436999999965  
-94.0  6467.502199999997  
-93.0  6431.4717999999975  
-92.0  6395.429599999997  
-91.0  6359.472799999998  
-90.0  6323.470599999997  
-89.0  6287.459399999997  
-88.0  6251.521099999997  
-87.0  6215.435499999997  
-86.0  6179.358699999997  
-85.0  6143.531699999997  
-84.0  6107.439999999997  
-83.0  6071.559099999998  
-82.0  6035.770399999996  
-81.0  5999.523599999997  
-80.0  5963.375399999996  
-79.0  5927.600999999997  
-78.0  5891.493799999997  
-77.0  5855.556699999999  
-76.0  5819.390399999998  
-75.0  5783.307299999999  
-74.0  5747.556199999998  
-73.0  5711.544699999999  
-72.0  5675.464899999998  
-71.0  5639.502199999999  
-70.0  5603.4483  
-69.0  5567.451299999998  
-68.0  5531.517900000002  
-67.0  5495.355699999998  
-66.0  5459.5756  
-65.0  5423.549899999998  
-64.0  5387.501299999998  
-63.0  5351.444699999998  
-62.0  5315.480200000001  
-61.0  5279.576399999998  
-60.0  5243.4446  
-59.0  5207.480799999998  
-58.0  5171.493799999999  
-57.0  5135.392699999999  
-56.0  5099.441500000001  
-55.0  5063.342499999999  
-54.0  5027.565999999999  
-53.0  4991.449599999998  
-52.0  4955.593899999998  
-51.0  4919.466499999999  
-50.0  4883.525300000001  
-49.0  4847.623299999999  
-48.0  4811.586299999998  
-47.0  4775.397099999998  
-46.0  4739.565699999998  
-45.0  4703.412999999999  
-44.0  4667.386400000001  
-43.0  4631.4677999999985  
-42.0  4595.593899999999  
-41.0  4559.491899999999  
-40.0  4523.387599999998  
-39.0  4487.551399999999  
-38.0  4451.6041000000005  
-37.0  4415.382899999999  
-36.0  4379.415699999999  
-35.0  4343.489499999999  
-34.0  4307.461099999999  
-33.0  4271.667399999998  
-32.0  4235.584199999998  
-31.0  4199.4861999999985  
-30.0  4163.521799999999  
-29.0  4127.5927999999985  
-28.0  4091.3556999999983  
-27.0  4055.4920999999986  
-26.0  4019.490200000001  
-25.0  3983.407200000001  
-24.0  3947.4085000000014  
-23.0  3911.410000000001  
-22.0  3875.6362000000013  
-21.0  3839.397200000001  
-20.0  3803.448700000001  
-19.0  3767.5070000000005  
-18.0  3731.463600000002  
-17.0  3695.647800000001  
-16.0  3659.2820000000006  
-15.0  3623.6096000000007  
-14.0  3587.567000000001  
-13.0  3551.451500000001  
-12.0  3515.493700000001  
-11.0  3479.4067000000014  
-10.0  3443.499400000001  
-9.0  3407.512100000001  
-8.0  3371.430700000001  
-7.0  3335.6035000000015  
-6.0  3299.5671000000007  
-5.0  3263.531700000001  
-4.0  3227.4234000000006  
-3.0  3191.494600000001  
-2.0  3155.423700000001  
-1.0  3119.4843000000014  
0.0  3083.5448000000006  
1.0  3047.661500000001  
2.0  3011.5710000000013  
3.0  2975.2985000000012  
4.0  2939.387600000001  
5.0  2903.467400000001  
6.0  2867.5427000000013  
7.0  2831.6485000000007  
8.0  2795.449500000001  
9.0  2759.5194000000006  
10.0  2723.483800000001  
11.0  2687.382300000001  
12.0  2651.509000000001  
13.0  2615.4917700000005  
14.0  2579.4825200000005  
15.0  2543.834670000001  
16.0  2507.7235800000008  
17.0  2471.9351500000002  
18.0  2436.006610000001  
19.0  2400.8069200000064  
20.0  2366.6493200000004  
21.0  2332.8553900000006  
22.0  2303.4432600000014  
23.0  2276.8431800000017  
24.0  2250.4625500000025  
25.0  2223.9933000000024  
26.0  2197.439760000001  
27.0  2170.997360000001  
28.0  2144.386060000001  
29.0  2118.2725999999975  
30.0  2092.0324899999973  
31.0  2065.6009499999973  
32.0  2039.2899199999974  
33.0  2013.0938800000042  
34.0  1986.7726000000043  
35.0  1960.6337400000039  
36.0  1934.4362800000042  
37.0  1908.3691200000048  
38.0  1882.1721400000051  
39.0  1855.8579699999989  
40.0  1829.8047899999992  
41.0  1803.7967399999995  
42.0  1777.842369999999  
43.0  1751.7537699999993  
44.0  1725.7528599999991  
45.0  1699.8040699999997  
46.0  1673.73556  
47.0  1647.8611999999994  
48.0  1621.6433599999996  
49.0  1596.4255799999924  
50.0  1571.4700799999925  
51.0  1546.2431699999918  
52.0  1522.6087899999743  
53.0  1499.6880999999917  
54.0  1482.914859999991  
55.0  1466.251399999997  
56.0  1449.6264299999964  
57.0  1432.8690599999966  
58.0  1416.2983499999966  
59.0  1399.4567499999969  
60.0  1383.1927599999956  
61.0  1366.8597399999946  
62.0  1350.585139999995  
63.0  1334.0732599999953  
64.0  1317.745619999995  
65.0  1301.21629999999  
66.0  1284.968079999991  
67.0  1268.8666699999899  
68.0  1252.4504399999905  
69.0  1236.1773999999955  
70.0  1220.167539999996  
71.0  1203.7424599999958  
72.0  1187.6272399999943  
73.0  1171.5072399999945  
74.0  1155.223979999995  
75.0  1139.0926399999962  
76.0  1122.833939999996  
77.0  1106.657239999995  
78.0  1090.4483700000023  
79.0  1074.5212800000018  
80.0  1058.3138900000026  
81.0  1042.1014800000023  
82.0  1026.2795000000024  
83.0  1009.9417600000025  
84.0  993.7974900000028  
85.0  977.8272800000024  
86.0  961.8004400000024  
87.0  945.5647600000023  
88.0  929.5585900000019  
89.0  913.4503700000034  
90.0  897.429730000002  
91.0  881.4237200000026  
92.0  865.5275400000025  
93.0  849.5110000000029  
94.0  833.368000000003  
95.0  817.4164000000028  
96.0  801.4311600000028  
97.0  785.3889100000026  
98.0  769.3501500000027  
99.0  753.4786599999923  
100.0  738.5520199999914  
101.0  723.5348699999913  
102.0  708.7558299999924  
103.0  694.6842200000073  
104.0  680.7314600000067  
105.0  672.1581099999986  
106.0  665.4976999999951  
107.0  658.9180799999947  
108.0  652.3532199999947  
109.0  645.6530999999967  
110.0  631.1317599999905  
111.0  616.3296699999914  
112.0  602.3057000000078  
113.0  588.5124600000086  
114.0  579.6420200000001  
115.0  572.9228999999973  
116.0  566.2405199999976  
117.0  559.652959999997  
118.0  552.9633499999984  
119.0  546.2950699999993  
120.0  539.7862700000003  
121.0  530.8932000000805  
122.0  517.588740000071  
123.0  503.5762100000692  
124.0  495.4008500000265  
125.0  488.67801000001987  
126.0  481.94278000001316  
127.0  475.34312000001614  
128.0  468.76564000001514  
129.0  462.1914600000155  
130.0  455.5991000000171  
131.0  449.0775500000143  
132.0  442.7064500000159  
133.0  435.9865000000169  
134.0  429.6576000000162  
135.0  422.99048000001096  
136.0  416.75860000000955  
137.0  410.2104800000081  
138.0  403.8211600000087  
139.0  397.4830500000089  
140.0  391.3832000000111  
141.0  384.9925500000109  
142.0  378.7714199999967  
143.0  372.5952499999969  
144.0  366.2459099999971  
145.0  360.16904999999906  
146.0  354.0865599999991  
147.0  347.8589499999978  
148.0  341.44632999999925  
149.0  335.43881999999826  
150.0  329.02754999999695  
151.0  322.84001000003536  
152.0  316.72836000003497  
153.0  310.81321000003646  
154.0  304.6037400000363  
155.0  298.65764000003804  
156.0  293.1684199999733  
157.0  288.1349399999718  
158.0  283.182379999972  
159.0  278.16903999997135  
160.0  273.17047999997135  
161.0  268.7472500000591  
162.0  264.38292000004526  
163.0  261.01554000005956  
164.0  259.19805000002464  
165.0  262.25171000000535  
166.0  265.54406000000904  
167.0  268.72166000000976  
168.0  272.24837000000855  
169.0  275.51177000001235  
170.0  278.73332000000784  
171.0  282.13712000001146  
172.0  285.20251000000025  
173.0  288.6432300000011  
174.0  292.28452000000334  
175.0  295.4861000000012  
176.0  298.9078200000012  
177.0  302.3446700000012  
178.0  305.7548099999785  
179.0  309.40849999998034  
180.0  312.82037999997954  
181.0  316.2013399999777  
182.0  319.9177799999785  
183.0  323.4333999999782  
184.0  326.8388999999778  
185.0  330.36053000001743  
186.0  333.8075100000158  
187.0  337.5822300000152  
188.0  341.2845400000165  
189.0  344.7809400000133  
190.0  348.4171100000168  
191.0  352.00047000001587  
192.0  355.5217000000166  
193.0  359.3362900000142  
194.0  362.7364700000171  
195.0  366.3864300000158  
196.0  370.22692000000393  
197.0  373.7709200000063  
198.0  377.50374000000545  
199.0  381.0690000000069  
200.0  384.8055200000074  
201.0  388.7083500000057  
202.0  392.17817000000787  
203.0  395.9547300000039  
204.0  399.6982000000049  
205.0  403.3350900000055  
206.0  406.9876700000061  
207.0  410.7482300000044  
208.0  414.4294000000052  
209.0  418.0859400000072  
210.0  421.85888000000887  
211.0  425.55462000001074  
212.0  429.6526200000044  
213.0  433.3422500000038  
214.0  437.3258600000061  
215.0  441.3231300000026  
216.0  445.09912000000276  
217.0  449.14904000000206  
218.0  453.08669000000305  
219.0  456.87366000000395  
220.0  460.78216000000555  
221.0  464.68247000000446  
222.0  468.5147800000017  
223.0  472.4883400000035  
224.0  476.4500200000033  
225.0  480.2956900000061  
226.0  484.0938100000045  
227.0  488.1398200000028  
228.0  492.0050800000046  
229.0  495.8210500000049  
230.0  499.7814300000033  
231.0  503.6699000000036  
232.0  507.47565000000156  
233.0  511.5380900000025  
234.0  515.3352800000023  
235.0  519.3490800000031  
236.0  522.9806400000028  
237.0  526.9815400000027  
238.0  530.9260800000027  
239.0  534.9162900000053  
240.0  538.7805000000023  
241.0  542.8403300000032  
242.0  546.6482900000033  
243.0  550.478160000002  
244.0  554.2332900000041  
245.0  558.239430000002  
246.0  562.2717000000043  
247.0  565.8567800000038  
248.0  570.0949400000038  
249.0  574.0009300000035  
250.0  577.6242200000054  
251.0  581.6408100000018  
252.0  585.618070000003  
253.0  589.472030000002  
254.0  593.5537200000031  
255.0  597.3088800000053  
256.0  601.3410500000041  
257.0  604.9753100000014  
258.0  608.9319800000017  
259.0  612.9122800000036  
260.0  616.7848600000054  
261.0  620.6058400000042  
262.0  624.5340000000026  
263.0  628.3286000000021  
264.0  632.4873000000011  
265.0  636.4706000000003  
266.0  640.4073000000021  
267.0  644.3830000000019  
268.0  648.4610000000043  
269.0  652.304900000002  
270.0  656.5552000000025  
271.0  660.3632000000035  
272.0  664.4763000000012  
273.0  668.5288000000021  
274.0  672.1489000000028  
275.0  676.4124000000029  
276.0  680.5858000000018  
277.0  684.6136000000005  
278.0  688.5725000000011  
279.0  692.5908000000011  
280.0  696.2778000000026  
281.0  700.4460000000026  
282.0  704.5273000000029  
283.0  708.2130000000031  
284.0  712.3887000000016  
285.0  716.398600000003  
286.0  720.5779000000015  
287.0  724.3160000000025  
288.0  728.5134000000028  
289.0  732.5550000000015  
290.0  736.3910000000012  
291.0  740.4352000000039  
292.0  744.6064000000006  
293.0  748.3543000000018  
294.0  752.3127000000015  
295.0  756.6000000000013  
296.0  760.4586000000015  
297.0  764.2730000000008  
298.0  768.3537000000013  
299.0  772.368400000001  
300.0  776.3312000000008  
301.0  780.6296000000004  
302.0  784.5487000000015  
303.0  788.4664  
304.0  792.4898000000023  
305.0  796.4066000000016  
306.0  800.5021000000031  
307.0  804.3854000000017  
308.0  808.3488000000006  
309.0  812.3423000000007  
310.0  816.5730000000005  
311.0  820.2721000000014  
312.0  824.4631000000002  
313.0  828.420800000001  
314.0  832.2751000000018  
315.0  836.5633000000001  
316.0  840.4183000000016  
317.0  844.4261000000017  
318.0  848.4617000000027  
319.0  852.3916000000019  
320.0  856.3304000000041  
321.0  860.3424000000014  
322.0  864.456700000001  
323.0  868.3320000000028  
324.0  872.5264000000013  
325.0  876.4584000000013  
326.0  880.687799999999  
327.0  884.5310000000009  
328.0  888.4068000000013  
329.0  892.2413000000007  
330.0  896.342400000002  
331.0  900.623600000001  
332.0  904.4380000000006  
333.0  908.5230000000024  
334.0  912.4778000000009  
335.0  916.7726000000021  
336.0  920.2470000000017  
337.0  924.3396000000013  
338.0  928.322900000003  
339.0  932.5351000000031  
340.0  936.4166000000022  
341.0  940.5040000000008  
342.0  944.4043000000017  
343.0  948.5602000000008  
344.0  952.3924000000027  
345.0  956.441000000002  
346.0  960.4752000000007  
347.0  964.3599000000013  
348.0  968.3349000000023  
349.0  972.2659000000012  
350.0  976.4341000000018  
351.0  980.2703000000022  
352.0  984.2375000000018  
353.0  988.5768000000021  
354.0  992.4433000000006  
355.0  996.4992000000018  
356.0  1000.3559000000016  
357.0  1004.560900000001  
358.0  1008.4674000000016  
359.0  1012.2918000000017  
360.0  1016.4787000000017  
361.0  1020.3981000000018  
362.0  1024.448100000002  
363.0  1028.299400000002  
364.0  1032.2847000000024  
365.0  1036.7209999999993  
366.0  1040.4028000000028  
367.0  1044.3374000000008  
368.0  1048.3743000000018  
369.0  1052.5645999999992  
370.0  1056.5083000000006  
371.0  1060.811100000001  
372.0  1064.3354000000018  
373.0  1068.5254000000027  
374.0  1072.4737000000011  
375.0  1076.3194000000024  
376.0  1080.5495000000003  
377.0  1084.5364000000022  
378.0  1088.4454000000005  
379.0  1092.6216000000009  
380.0  1096.5037000000007  
381.0  1100.5065000000013  
382.0  1104.3699000000006  
383.0  1108.466600000001  
384.0  1112.3550000000014  
385.0  1116.7224000000017  
386.0  1120.508600000001  
387.0  1124.4658999999992  
388.0  1128.4760000000006  
389.0  1132.4084000000012  
390.0  1136.3486000000016  
391.0  1140.3179000000018  
392.0  1144.5166999999997  
393.0  1148.5103000000008  
394.0  1152.2750000000028  
395.0  1156.3554000000013  
396.0  1160.4053000000015  
397.0  1164.545499999999  
398.0  1168.541200000002  
399.0  1172.3004000000021  
400.0  1176.3283000000022  
401.0  1180.524400000001  
402.0  1184.447700000001  
403.0  1188.411100000002  
404.0  1192.4957000000022  
405.0  1196.4611000000023  
406.0  1200.6279000000018  
407.0  1204.4785000000024  
408.0  1208.619400000001  
409.0  1212.2532000000022  
410.0  1216.5626000000016  
411.0  1220.5607000000014  
412.0  1224.385600000002  
413.0  1228.4455000000007  
414.0  1232.5498000000025  
415.0  1236.3277000000016  
416.0  1240.4277000000002  
417.0  1244.382700000002  
418.0  1248.6211000000003  
419.0  1252.5063999999998  
420.0  1256.3664000000017  
421.0  1260.529700000003  
422.0  1264.4240000000013  
423.0  1268.3240000000017  
424.0  1272.489000000001  
425.0  1276.4144000000013  
426.0  1280.6829000000016  
427.0  1284.5567000000012  
428.0  1288.551800000002  
429.0  1292.5076000000024  
430.0  1296.430900000001  
431.0  1300.4032000000007  
432.0  1304.363200000003  
433.0  1308.4658000000022  
434.0  1312.479900000002  
435.0  1316.5990000000006  
436.0  1320.5177999999996  
437.0  1324.5378000000003  
438.0  1328.4916000000023  
439.0  1332.3096000000012  
440.0  1336.2333000000008  
441.0  1340.5978000000032  
442.0  1344.5799000000015  
443.0  1348.4523000000004  
444.0  1352.379500000001  
445.0  1356.6371000000004  
446.0  1360.205500000002  
447.0  1364.418100000002  
448.0  1368.499500000002  
449.0  1372.4432000000015  
450.0  1376.033600000003  
451.0  1380.3896999999995  
452.0  1384.3595  
453.0  1388.1969000000026  
454.0  1392.5265000000006  
455.0  1396.4779000000008  
456.0  1400.5321000000008  
457.0  1404.6810000000016  
458.0  1408.2926000000014  
459.0  1412.3345000000004  
460.0  1416.4837000000011  
461.0  1420.518  
462.0  1424.5805000000016  
463.0  1428.4847000000016  
464.0  1432.4877000000015  
465.0  1436.4862  
466.0  1440.5545000000016  
467.0  1444.369600000001  
468.0  1448.252300000002  
469.0  1452.5341000000008  
470.0  1456.5635000000016  
471.0  1460.5209000000011  
472.0  1464.4579000000017  
473.0  1468.3746000000015  
474.0  1472.4723000000008  
475.0  1476.5210000000004  
476.0  1480.4343000000022  
477.0  1484.6091000000006  
478.0  1488.2503000000029  
479.0  1492.419400000001  
480.0  1496.5667000000026  
481.0  1500.5707000000016  
482.0  1504.2765000000024  
483.0  1508.5970000000002  
484.0  1512.5268999999998  
485.0  1516.3926000000006  
486.0  1520.4768000000004  
487.0  1524.5363000000002  
488.0  1528.634100000001  
489.0  1532.5481000000016  
490.0  1536.5998000000018  
491.0  1540.6871999999998  
492.0  1544.085700000001  
493.0  1548.5263999999995  
494.0  1552.4824000000017  
495.0  1556.3725000000022  
496.0  1560.5090000000014  
497.0  1564.3163000000002  
498.0  1568.6572999999999  
499.0  1572.3077000000023  
500.0  1576.4864000000011  
