
====================================
100.0
5.0
0.0
1097.1065950684267
20743
40179
1378.1595469105548
184
110
[-7, 12, 40, 73, 106, 132, 140, 131, 106, 56]
145
88453
[1, 20, 48, 103, 151, 166, 158, 140, 116, 64]
2507620
1394.6839099999688
--------------------------- instance 0 done
1040.3119206532333
12700
39879
1339.0429425587074
150
64
[93, 141, 160, 155, 137, 112, 79, 46, 17, -18]
221
88157
[69, -239, 127, 137, 126, 101, 71, 37, 6, -33]
2119152
1364.8154999999879
--------------------------- instance 1 done

====================================
100.0
5.0
1.0
2208.8528512237235
21401
39986
2487.7824657377723
183
79
[-7, 12, 40, 73, 106, 132, 140, 131, 106, 26]
185
88071
[-7, 12, 106, 144, 175, 199, 206, 204, 178, 23]
2044312
2901.1358400000304
--------------------------- instance 0 done
2143.701556678216
21418
40737
2458.073025095865
154
64
[85, 132, 154, 152, 136, 111, 78, 45, 7, -45]
219
88145
[69, 96, 128, 137, 128, 102, 71, 37, -11, -72]
1608632
2475.1241099999656
--------------------------- instance 1 done

====================================
100.0
10.0
0.0
1131.6131456411442
21414
36851
1460.199050671315
148
63
[10, 29, 57, 116, 164, 180, 170, 150, 124, 81]
145
88069
[11, 31, 59, 120, 166, 180, 168, 150, 126, 83]
2144995
1509.7737599999853
--------------------------- instance 0 done
1078.5605215431158
21402
38098
1404.2571245626568
154
64
[99, 149, 169, 165, 149, 123, 90, 57, 28, 0]
150
88129
[102, 151, 169, 165, 150, 126, 92, 60, 30, 0]
2016019
1415.4566699999912
--------------------------- instance 1 done

====================================
100.0
10.0
1.0
2247.8526318663958
21371
37458
2628.5379885324396
148
63
[10, 29, 57, 116, 164, 180, 170, 150, 124, 68]
145
88086
[11, 30, 88, 129, 175, 180, 168, 150, 155, 68]
1928869
2771.7743999999793
--------------------------- instance 0 done
2188.750208208127
21415
38038
2546.1622602834814
157
64
[94, 142, 165, 163, 148, 123, 90, 56, 26, -14]
159
88236
[91, 132, 29, 158, 182, 156, 124, 59, 43, -17]
6064739
5831.403920000024
--------------------------- instance 1 done

====================================
100.0
20.0
0.0
1164.1501579501814
21370
37177
1521.3434627629424
150
64
[16, 36, 65, 125, 175, 190, 179, 159, 132, 92]
145
88118
[17, 37, 65, 132, 176, 188, 175, 157, 132, 93]
2146654
1735.4465500000151
--------------------------- instance 0 done
1112.2632236314373
21416
37929
1448.6591442221757
156
64
[107, 158, 179, 174, 158, 132, 98, 64, 35, 11]
150
88083
[112, 161, 179, 172, 157, 132, 99, 66, 37, 12]
1869263
1507.3068299999823
--------------------------- instance 1 done

====================================
100.0
20.0
1.0
2284.303163500591
21370
41081
2705.7250821394887
150
65
[16, 36, 65, 125, 174, 190, 179, 159, 132, 85]
145
88132
[17, 37, 65, 136, 181, 188, 175, 157, 132, 86]
2065438
2891.207999999986
--------------------------- instance 0 done
2226.479648142506
21433
37755
2606.559141679978
158
64
[103, 154, 176, 173, 157, 132, 98, 64, 35, 4]
159
88008
[98, -337, 165, 167, 157, 132, 98, 65, 36, 3]
4986797
11013.848080000062
--------------------------- instance 1 done

====================================
200.0
5.0
0.0
1728.0570352168863
21370
37382
1976.2070584640555
279
65
[-23, -4, 24, 57, 90, 115, 124, 115, 90, 24]
185
88132
[-7, 13, 41, 82, 107, 133, 142, 140, 109, 38]
2179470
1981.904099999975
--------------------------- instance 0 done
1614.2850954566168
21416
37864
1835.015952967513
280
63
[57, 90, 115, 124, 115, 90, 57, 24, -10, -57]
286
88098
[57, 91, 116, 126, 116, 92, 60, 25, -13, -63]
1960080
1860.7855699999936
--------------------------- instance 1 done

====================================
200.0
5.0
1.0
2836.1640815612864
21399
37210
3084.726719183712
275
64
[-22, -3, 25, 58, 91, 116, 125, 116, 91, -22]
185
88655
[56, 83, 115, 197, 174, 157, 208, 361, 175, 74]
1902032
3401.538160000015
--------------------------- instance 0 done
2713.9063494332945
21418
37582
2952.479339563117
278
64
[57, 90, 115, 124, 115, 90, 57, 24, -32, -100]
218
88070
[144, 179, 197, 210, 212, 174, 151, 120, 19, -12]
1543239
3675.586040000027
--------------------------- instance 1 done

====================================
200.0
10.0
0.0
1781.3777022967695
21370
37333
2105.2664486106946
187
64
[7, 26, 54, 87, 120, 146, 154, 145, 120, 68]
185
88055
[7, 26, 55, 89, 122, 146, 157, 148, 123, 69]
2248477
2117.113299999982
--------------------------- instance 0 done
1676.7537828521085
21418
38067
1947.230356106382
285
64
[78, 111, 136, 145, 136, 111, 78, 45, 16, -21]
290
88086
[79, 112, 137, 147, 138, 113, 80, 46, 16, -24]
1652049
1969.8752000000086
--------------------------- instance 1 done

====================================
200.0
10.0
1.0
2897.8990324129813
21417
37364
3232.861041984472
187
64
[7, 26, 54, 87, 120, 146, 154, 145, 120, 51]
185
88055
[7, 26, 55, 127, 122, 146, 193, 148, 123, 50]
2162716
3242.245869999981
--------------------------- instance 0 done
2786.299231188378
21400
40553
3084.510053773538
283
64
[78, 111, 136, 145, 136, 111, 78, 45, 6, -46]
288
88461
[79, 112, 138, 147, 195, 174, 138, 46, 3, -52]
1691126
3264.1341099999768
--------------------------- instance 1 done

====================================
200.0
20.0
0.0
1828.938951866191
21370
43409
2167.1419349715156
189
64
[15, 34, 62, 96, 129, 155, 164, 155, 129, 85]
190
88083
[15, 34, 63, 96, 130, 155, 164, 155, 130, 86]
1900617
2167.882570000038
--------------------------- instance 0 done
1727.6397412290894
21400
38538
2033.5897214852973
288
63
[90, 124, 149, 158, 149, 124, 90, 57, 29, 0]
291
88177
[91, 125, 150, 159, 150, 125, 92, 58, 29, -1]
1551234
2041.4720599999976
--------------------------- instance 1 done

====================================
200.0
20.0
1.0
2951.989782499556
21370
37660
3310.9240706894957
189
64
[15, 34, 62, 96, 129, 155, 164, 155, 129, 76]
188
88070
[15, 35, 63, 97, 130, 155, 164, 155, 130, 76]
1900643
3312.42130999998
--------------------------- instance 0 done
2843.386109935149
21388
37708
3185.790382100076
286
64
[90, 124, 149, 158, 149, 124, 90, 57, 27, -13]
291
88133
[91, 125, 150, 159, 150, 125, 92, 58, 43, -16]
1551063
3207.7577699999993
--------------------------- instance 1 done

====================================
500.0
5.0
0.0
2868.7036334892964
21382
37288
2998.301845735047
365
64
[-37, -18, 10, 43, 76, 101, 110, 101, 75, -41]
371
88037
[-41, -21, 8, 42, 75, 101, 110, 102, 76, -50]
2262502
3012.9074900000014
--------------------------- instance 0 done
2715.3393128202883
21399
38038
2844.970548172941
370
63
[42, 75, 100, 109, 100, 75, 42, 8, -49, -100]
369
88020
[42, 76, 101, 111, 101, 79, 45, 10, -55, -132]
1884807
2846.219850000016
--------------------------- instance 1 done

====================================
500.0
5.0
1.0
3969.3083010449386
21368
37397
4090.0190724459426
362
63
[-37, -18, 10, 43, 76, 101, 110, 101, 56, -100]
369
88146
[-40, -21, 9, 42, 76, 101, 263, 242, 48, -117]
2164780
4470.8767100000705
--------------------------- instance 0 done
3810.9996139796517
21402
37832
3951.308428705928
368
64
[42, 75, 100, 109, 100, 75, 42, -4, -80, -100]
369
88040
[42, 216, 238, 241, 230, 223, 183, -9, -89, -199]
1723175
4497.986190000014
--------------------------- instance 1 done

====================================
500.0
10.0
0.0
3044.8688592906424
21387
37114
3224.8344636950487
374
64
[-11, 8, 37, 70, 103, 128, 137, 128, 103, 24]
371
88067
[-12, 8, 37, 71, 104, 130, 138, 130, 104, 20]
2382196
3229.5728299999973
--------------------------- instance 0 done
2797.6285562531098
21400
37694
3017.8489879029858
376
64
[69, 102, 127, 136, 127, 102, 69, 36, -3, -56]
371
88021
[71, 104, 130, 139, 129, 106, 72, 38, -6, -62]
1773529
3040.0107100000287
--------------------------- instance 1 done

====================================
500.0
10.0
1.0
4159.226465073753
21382
37304
4342.795513342257
372
64
[-10, 9, 37, 70, 103, 128, 137, 128, 103, -10]
371
88036
[-12, 8, 37, 71, 104, 205, 138, 204, 104, -17]
2400645
4343.849229999989
--------------------------- instance 0 done
3906.2521104547095
21402
37770
4143.9569959770815
374
65
[70, 103, 128, 137, 128, 103, 70, 36, -20, -90]
371
88005
[71, 104, 213, 139, 129, 182, 72, 38, -24, -99]
1611722
4245.600620000098
--------------------------- instance 1 done

====================================
500.0
20.0
0.0
3102.1542183489532
21679
37195
3444.5270111114614
379
65
[5, 24, 52, 86, 119, 144, 153, 144, 119, 62]
375
88100
[5, 25, 53, 87, 120, 146, 155, 146, 120, 60]
1972919
3458.644460000009
--------------------------- instance 0 done
2866.29172669792
21418
37923
3152.7204273072352
379
65
[86, 119, 144, 153, 144, 119, 86, 52, 22, -18]
371
88205
[87, 121, 146, 155, 145, 122, 88, 54, 23, -21]
1879530
3225.4691499999985
--------------------------- instance 1 done

====================================
500.0
20.0
1.0
4226.403144306694
21399
37309
4581.471510966026
377
64
[6, 25, 53, 86, 119, 144, 153, 144, 119, 44]
371
88279
[5, 25, 54, 87, 121, 146, 154, 146, 121, 41]
2196442
4625.480949999963
--------------------------- instance 0 done
3984.3036310676143
21539
38399
4292.85879506639
378
69
[86, 119, 144, 153, 144, 119, 86, 53, 15, -36]
371
88888
[87, 121, 146, 155, 145, 122, 88, 54, 14, -41]
1916263
4358.723439999916
--------------------------- instance 1 done
