
====================================
100.0
5.0
0.0
1152.252868258154
19105
35379
1252.6456715364977
203
109
[67, 67, 67, 67, 67, 67, 67, 67, 67, 50]
202
73542
[69, 69, 69, 69, 69, 69, 69, 69, 69, 69]
2019041
1258.6070200000115
--------------------------- instance 0 done
974.6934177518568
14006
55488
1245.3429286442977
239
99
[58, 90, 40, 134, 153, 0, 67, 21, -8, 0]
242
85191
[69, 93, 93, 93, 157, -1, 71, 71, -9, -2]
1363158
1258.1047699999956
--------------------------- instance 1 done

====================================
100.0
5.0
1.0
2155.617609953264
14055
54580
2265.303250014393
202
84
[67, 67, 67, 67, 67, 67, 67, 67, 67, 16]
202
82483
[69, 69, 69, 69, 69, 69, 69, 69, 69, 14]
1986737
2265.3393400000054
--------------------------- instance 0 done
1939.7608631830356
17591
38686
2203.5679560484346
238
64
[58, 90, 40, 134, 153, 0, 67, 21, -10, -40]
240
77992
[14, 93, 93, 93, 156, -1, 71, 23, -11, -45]
1290823
2210.866659999998
--------------------------- instance 1 done

====================================
100.0
10.0
0.0
1183.9563639220742
22492
38361
1334.4749814591182
206
78
[82, 82, 82, 82, 82, 82, 82, 82, 82, 73]
203
75244
[-45, 84, 83, 83, 83, 84, 84, 84, 84, 84]
1560186
2251.9478099999596
--------------------------- instance 0 done
1015.6832248617584
20559
36968
1336.2720269512831
243
65
[75, 108, 57, 152, 171, 17, 84, 38, 9, 25]
242
76795
[77, 110, 59, 59, 174, 174, 88, 40, 40, 40]
1675799
1563.4965799999843
--------------------------- instance 1 done

====================================
100.0
10.0
1.0
2195.016574031303
23041
40460
2365.23177772018
205
65
[82, 82, 82, 82, 82, 82, 82, 82, 82, 54]
202
75851
[84, 84, 84, 84, 84, 84, 84, 84, 84, 84]
1996235
2415.6119900000754
--------------------------- instance 0 done
1985.2011858243652
20621
40945
2319.3798476596226
243
93
[75, 108, 57, 152, 171, 17, 84, 38, 9, 3]
242
78629
[77, 110, 59, 59, 174, 174, 88, 40, 40, 1]
1689039
2535.881500000023
--------------------------- instance 1 done

====================================
100.0
20.0
0.0
1213.826687393506
25215
41463
1407.0078585098415
208
63
[92, 92, 92, 92, 92, 92, 92, 92, 92, 86]
203
80464
[1, 1, 1, 1, 1, 1, 1, 1, 1, 1]
989857
5305.385120000008
--------------------------- instance 0 done
1050.2227553968635
18381
36629
1400.3755357071145
178
165
[90, 123, 79, 179, 187, 31, 100, 53, 23, 43]
242
75361
[88, 120, 69, 163, 184, 29, 98, 51, 20, 41]
2072687
1425.8244480000308

====================================
100.0
20.0
1.0
2228.744774183003
18999
36549
2452.154913214956
207
129
[92, 92, 92, 92, 92, 92, 92, 92, 92, 76]
203
73946
[41, 41, 41, 41, 41, 41, 41, 41, 41, 41]
961376
2926.652580000021
--------------------------- instance 0 done
2023.3301510005347
11639
35987
2409.3570664047816
246
81
[86, 119, 68, 163, 183, 28, 95, 49, 20, 28]
242
75211
[88, 88, 88, 88, 88, 88, 98, 51, 51, 51]
1208487
2702.6532900000434
--------------------------- instance 1 done


====================================
200.0
5.0
0.0
1654.969819043456
17732
35954
1753.4543120565222
203
114
[67, 67, 67, 67, 67, 67, 67, 67, 67, 33]
202
74193
[69, 69, 69, 69, 69, 69, 69, 69, 69, 32]
1962746
1755.8398200000045
--------------------------- instance 0 done
1542.2271705705618
12959
42084
1648.1122176149772
239
88
[58, 90, 40, 134, 153, 0, 67, 21, -8, -17]
242
76505
[57, 93, 39, 135, 157, -1, 71, 22, -9, -20]
1247235
1655.9175299999988
--------------------------- instance 1 done

====================================
200.0
5.0
1.0
2657.8129837896336
23515
40755
2765.306346456975
202
78
[67, 67, 67, 67, 67, 67, 67, 67, 67, 0]
202
75379
[69, 69, 69, 69, 69, 69, 69, 69, 69, -5]
1979160
2765.365419999978
--------------------------- instance 0 done
2493.4694458089048
21880
37910
2603.7234943013787
238
71
[58, 90, 40, 134, 153, 0, 67, 21, -17, -56]
240
76128
[59, 93, 39, 135, 156, -1, 71, 23, -21, -64]
1252827
2608.8547000000044
--------------------------- instance 1 done

====================================
200.0
10.0
0.0
1707.4287310299856
22764
39816
1836.477589559823
206
71
[82, 82, 82, 82, 82, 82, 82, 82, 82, 64]
203
75942
[83, 83, 84, 83, 83, 83, 83, 83, 84, 63]
1331800
1855.8175400000223
--------------------------- instance 0 done
1600.1533222472942
21867
38876
1742.8676057622608
243
64
[75, 108, 57, 152, 171, 17, 84, 38, 9, 16]
242
76564
[77, 110, 59, 153, 174, 18, 88, 40, 10, 15]
1675272
1746.3674099999869
--------------------------- instance 1 done

====================================
200.0
10.0
1.0
2717.9864192188898
22804
37337
2865.865969237282
205
80
[82, 82, 82, 82, 82, 82, 82, 82, 82, 45]
202
77613
[84, 84, 84, 84, 84, 84, 84, 84, 84, 44]
1981099
2887.909910000028
--------------------------- instance 0 done
2565.784344179329
20259
33259
2720.6901063027785
243
61
[75, 108, 57, 152, 171, 17, 84, 38, 9, -6]
242
74740
[77, 110, 58, 153, 174, 18, 88, 40, 10, -9]
1478601
2721.572250000002
--------------------------- instance 1 done

====================================
200.0
20.0
0.0
1754.4284204117662
21085
33055
1910.0152522536087
208
64
[92, 92, 92, 92, 92, 92, 92, 92, 92, 81]
203
73387
[91, 91, 91, 91, 91, 91, 91, 91, 93, 82]
956464
1977.1452400000233
--------------------------- instance 0 done
1645.6269454328901
20212
33273
1816.3537080372942
246
64
[86, 119, 68, 163, 183, 28, 95, 49, 20, 35]
242
74776
[88, 120, 69, 162, 184, 29, 98, 50, 19, 34]
1202457
1846.3565300000053
--------------------------- instance 1 done

====================================
200.0
20.0
1.0
2771.0518350849475
21056
33133
2953.5835849747864
208
64
[92, 92, 92, 92, 92, 92, 92, 92, 92, 71]
203
73290
[91, 91, 91, 91, 91, 91, 91, 91, 93, 70]
956440
3009.2240399999687
--------------------------- instance 0 done
2618.8364617037205
20199
33099
2813.5080423238564
246
64
[86, 119, 68, 163, 183, 28, 95, 49, 20, 24]
242
74808
[88, 120, 69, 162, 184, 27, 98, 51, 19, 23]
1203758
2848.4110399999818
--------------------------- instance 1 done

====================================
500.0
5.0
0.0
2825.8131363771795
21058
33162
2919.9749028638003
332
64
[45, 45, 45, 45, 45, 45, 45, 45, 45, -38]
335
73215
[46, 46, 46, 46, 46, 44, 46, 46, 46, -47]
958353
2921.4904300000235
--------------------------- instance 0 done
2472.191287816682
20231
32912
2725.9457289732163
468
65
[19, 51, 1, 95, 114, -39, 28, -18, -60, -100]
478
74777
[17, 50, -3, 94, 121, -43, 29, -21, -69, -118]
1743957
2754.9279600000177
--------------------------- instance 1 done

====================================
500.0
5.0
1.0
3812.2490168653785
21133
33086
3896.54292771467
316
64
[48, 48, 48, 48, 48, 48, 48, 48, 30, -88]
306
73323
[51, 51, 51, 51, 51, 50, 51, 51, 27, -97]
1912683
3918.86239000001
--------------------------- instance 0 done
3423.242428793025
20212
33133
3657.5372501143943
464
63
[20, 52, 2, 96, 115, -38, 29, -32, -98, -100]
465
74824
[19, 51, 0, 97, 123, -40, 31, -39, -109, -200]
1442018
3658.5337899999927
--------------------------- instance 1 done

====================================
500.0
10.0
0.0
2909.1104047120957
21102
33195
3051.7654632048143
338
65
[70, 70, 70, 70, 70, 70, 70, 70, 70, 24]
336
73321
[71, 71, 71, 71, 71, 71, 71, 71, 71, 20]
957301
3054.8150799999953
--------------------------- instance 0 done
2549.3085358151393
20201
33055
2873.467235353139
482
49
[54, 86, 36, 130, 149, -4, 63, 17, -12, -33]
485
74727
[53, 85, 35, 131, 154, -6, 64, 16, -15, -39]
1345579
2879.0031199999676
--------------------------- instance 1 done

====================================
500.0
10.0
1.0
3914.408162314428
21055
33133
4061.6444600000505
335
64
[70, 70, 70, 70, 70, 70, 70, 70, 70, -6]
335
73230
[71, 71, 71, 71, 71, 71, 71, 71, 71, -13]
958033
4061.8090650465683
--------------------------- instance 0 done
3514.7109617075926
20212
32992
3834.49976125142
479
62
[54, 86, 36, 130, 149, -4, 63, 17, -29, -76]
485
74792
[53, 85, 35, 131, 154, -6, 64, 16, -36, -88]
1345683
3848.3112200000005
--------------------------- instance 1 done

====================================
500.0
20.0
0.0
2975.421706844031
21089
33114
3139.441025274715
344
63
[84, 84, 84, 84, 84, 84, 84, 84, 84, 60]
336
73308
[86, 86, 86, 86, 86, 86, 86, 86, 86, 59]
1912182
3171.1462800000077
--------------------------- instance 0 done
2610.815862407799
20184
33083
2973.4158175024622
335
63
[82, 114, 64, 158, 177, 24, 91, 45, 16, 17]
485
74730
[75, 108, 57, 152, 174, 16, 85, 38, 8, 7]
1759865
3009.350509999996
--------------------------- instance 1 done

====================================
500.0
20.0
1.0
3992.1030806100803
21070
33164
4169.18106559497
341
64
[84, 84, 84, 84, 84, 84, 84, 84, 84, 44]
336
73274
[86, 86, 86, 86, 86, 86, 86, 86, 86, 42]
1912249
4190.156149999995
--------------------------- instance 0 done
3585.214150578072
20197
32898
3972.834928949878
331
63
[82, 114, 64, 159, 178, 24, 91, 45, 16, 1]
485
74756
[75, 108, 57, 152, 174, 16, 85, 38, 8, -19]
1762427
3986.4395000000095
--------------------------- instance 1 done
