
====================================
100.0
5.0
0.0
771.9299364637345
10123
19734
819.2442626394616
121
97
[56, 7, -10, 16, 68, 48, 2, -9, 22, 60]
120
33356
[62, 9, 9, 18, 71, 54, 4, 4, 24, 24]
795382
841.4734700000029
--------------------------- instance 0 done
1079.8977016638526
11294
34711
1240.393477174683
126
63
[83, 65, 53, 83, 109, 110, 89, 60, 49, 41]
125
72478
[86, 68, 55, 82, 82, 112, 92, 63, 51, 51]
1916992
1245.8682900000008
--------------------------- instance 1 done

====================================
100.0
5.0
1.0
1251.1335689631628
6452
17902
1301.8809767375005
120
49
[57, 7, -10, 17, 69, 49, 2, -9, 23, 40]
120
33162
[62, 9, 9, 9, 71, 54, 4, 4, 4, 39]
737097
1342.30078000001
--------------------------- instance 0 done
2031.3403074421785
17419
33015
2209.559703992308
131
64
[82, 64, 52, 79, 106, 109, 88, 59, 48, 18]
135
72417
[84, 66, 66, 78, 104, 111, 90, 90, 90, 15]
1699029
2271.6278800000114
--------------------------- instance 1 done

====================================
100.0
10.0
0.0
804.8325768732418
11244
17885
872.4988139402506
124
33
[66, 16, -1, 25, 78, 58, 11, 0, 31, 76]
120
33133
[69, 18, 18, 27, 80, 61, 13, 13, 33, 78]
795484
940.608969999997
--------------------------- instance 0 done
1120.9421235094171
19572
33012
1310.9411957823813
128
63
[93, 74, 62, 92, 118, 120, 99, 69, 58, 58]
137
72432
[78, 78, 78, 88, 114, 114, 114, 114, 114, 114]
1124131
1567.3382200000008
--------------------------- instance 1 done

====================================
100.0
10.0
1.0
1290.4396138511288
11229
17855
1367.1395903295634
123
33
[66, 16, -1, 25, 78, 58, 11, 0, 31, 65]
120
33165
[69, 18, 18, 27, 80, 61, 13, 13, 33, 33]
795094
1432.6548500000067
--------------------------- instance 0 done
2078.9188149365705
19559
33008
2298.405826749286
135
65
[92, 74, 62, 88, 115, 119, 98, 69, 57, 45]
137
72417
[94, 94, 94, 94, 114, 121, 100, 100, 59, 44]
1371304
2421.094550000027
--------------------------- instance 1 done

====================================
100.0
20.0
0.0
828.2307321534578
11248
17871
913.8606371856289
126
33
[72, 22, 5, 31, 85, 64, 17, 6, 37, 86]
121
33423
[74, 74, 74, 74, 74, 74, 74, 74, 74, 88]
572183
1398.2748500000043
--------------------------- instance 0 done
1157.6556569753607
19580
32867
1368.3637111724997
129
64
[100, 81, 69, 99, 126, 128, 106, 76, 65, 68]
137
72372
[99, 99, 99, 94, 119, 127, 105, 105, 105, 105]
1478581
1595.546640000015
--------------------------- instance 1 done

====================================
100.0
20.0
1.0
1318.8312499098438
11232
17930
1417.5979007872063
125
33
[72, 22, 5, 31, 85, 64, 17, 6, 37, 80]
121
33117
[74, 74, 74, 74, 74, 74, 74, 74, 74, 74]
570027
1901.9448900000145
--------------------------- instance 0 done
2120.6346476111735
19575
32895
2360.3603681665695
137
64
[99, 81, 68, 95, 123, 127, 105, 76, 64, 61]
137
72371
[74, 74, 74, 94, 119, 119, 119, 75, 75, 75]
1171005
2392.221129999991
--------------------------- instance 1 done

====================================
200.0
5.0
0.0
1087.688127063382
11232
17854
1178.5240592423154
164
33
[49, 0, -17, 9, 61, 41, -5, -16, 15, 36]
166
33117
[54, 54, -18, -18, 64, 45, 45, -17, -17, 35]
709417
1374.7833300000093
--------------------------- instance 0 done
1621.334074993724
19607
32896
1739.896081122507
242
64
[63, 45, 33, 58, 84, 90, 69, 40, 29, 5]
243
72354
[66, 47, 47, 60, 86, 93, 72, 42, 42, 2]
1708281
1750.7915599999988
--------------------------- instance 1 done

====================================
200.0
5.0
1.0
1566.3416940581005
11223
17887
1667.70032166414
162
33
[49, 0, -17, 9, 62, 41, -5, -16, 16, 9]
166
33067
[54, 54, -18, -18, 64, 45, 45, -17, -17, 4]
709306
1872.5342500000002
--------------------------- instance 0 done
2572.7309428549092
19575
32991
2704.7160487804063
240
63
[64, 46, 33, 59, 85, 91, 70, 41, 28, -35]
243
72503
[66, 66, 66, 66, 66, 93, 72, 72, 72, -42]
1292954
2801.7409200000006
--------------------------- instance 1 done

====================================
200.0
10.0
0.0
1138.7255331428596
11263
17836
1231.4892801774997
168
34
[61, 12, -5, 21, 73, 53, 7, -4, 27, 63]
172
33023
[64, 64, 64, 64, 76, 56, 56, 56, 56, 56]
625748
1670.1827400000102
--------------------------- instance 0 done
1672.0574214180344
19576
32881
1860.92037324347
246
65
[81, 63, 51, 76, 102, 108, 87, 58, 47, 38]
244
72386
[84, 65, 65, 78, 104, 111, 89, 60, 49, 37]
1712825
1894.7998600000024
--------------------------- instance 1 done

====================================
200.0
10.0
1.0
1623.4615235881524
11245
17855
1731.1926040392548
166
32
[62, 12, -5, 21, 74, 53, 7, -4, 27, 48]
167
33118
[64, 64, 64, 64, 76, 56, 56, 56, 56, 47]
627344
2160.911459999958
--------------------------- instance 0 done
2630.070105273363
19574
32927
2840.854994824829
192
64
[86, 68, 56, 81, 107, 113, 92, 63, 52, 25]
191
72353
[89, 70, 58, 83, 110, 115, 94, 65, 54, 23]
1873515
2843.0680900000198
--------------------------- instance 1 done

====================================
200.0
20.0
0.0
1177.2021468020641
11232
17868
1269.2849219012103
170
34
[69, 19, 2, 29, 82, 61, 14, 3, 35, 79]
172
33117
[71, 71, 71, 71, 71, 71, 71, 71, 71, 71]
570163
1782.3430000000023
--------------------------- instance 0 done
1717.1746407587505
19621
32896
1937.9718991887898
198
63
[95, 77, 65, 90, 117, 123, 101, 72, 61, 60]
191
72355
[97, 97, 97, 97, 97, 97, 103, 103, 103, 103]
1247504
2322.9980800000526
--------------------------- instance 1 done

====================================
200.0
20.0
1.0
1667.2352731009616
11232
17840
1777.5625859727506
168
32
[69, 20, 3, 29, 82, 61, 15, 4, 35, 71]
171
33140
[71, 71, 2, 2, 2, 2, 2, 3, 3, 3]
651924
3133.6722800000093
--------------------------- instance 0 done
2680.517381264947
19559
32943
2926.512920102925
196
64
[95, 77, 65, 90, 117, 123, 101, 72, 61, 50]
191
72331
[97, 97, 97, 97, 97, 97, 103, 103, 103, 103]
1247446
3418.3333099999886
--------------------------- instance 1 done

====================================
500.0
5.0
0.0
1974.6155868540368
11232
17902
2077.32017576513
165
33
[49, 0, -17, 9, 61, 41, -5, -16, 15, -14]
166
33053
[54, 54, -18, -18, 63, 45, 45, -17, -17, -20]
709544
2273.3434299999717
--------------------------- instance 0 done
2690.321213386468
19557
33007
2795.9758589693593
312
64
[51, 33, 21, 46, 72, 79, 57, 28, 13, -57]
317
72336
[53, 53, 53, 53, 74, 74, 59, 59, 10, -66]
1327293
2810.168529999955
--------------------------- instance 1 done

====================================
500.0
5.0
1.0
2377.4751316968213
11216
17871
2534.352377934135
192
33
[44, -5, -22, 4, 57, 36, -10, -21, 1, -51]
193
33052
[49, 49, -23, -23, 60, 41, 41, -22, -4, -61]
713405
2539.1605499999573
--------------------------- instance 0 done
3626.740725079969
19574
33112
3725.4715919075707
308
65
[52, 34, 22, 47, 73, 79, 58, 29, -10, -100]
310
72355
[-61, -61, -61, -61, 75, 75, 61, 61, -17, -121]
1038779
4066.7456900000284
--------------------------- instance 1 done

====================================
500.0
10.0
0.0
2039.9180151062421
11233
17868
2131.553396756666
168
33
[61, 12, -5, 21, 73, 53, 7, -4, 27, 36]
172
33101
[64, 64, 64, 64, 76, 56, 56, 56, 56, 33]
627711
2570.82924000003
--------------------------- instance 0 done
2771.116806098915
19575
32945
2939.1659935449215
318
64
[75, 57, 45, 70, 96, 102, 81, 52, 41, 4]
319
72413
[77, 77, 77, 77, 77, 77, 83, 83, 83, 0]
1249900
2946.635790000002
--------------------------- instance 1 done

====================================
500.0
10.0
1.0
2524.542077184475
11232
17855
2631.1977267070374
166
32
[62, 12, -5, 21, 74, 53, 7, -4, 27, 21]
241
33082
[57, 6, -13, 15, 70, 50, 1, -11, 21, 2]
877742
2706.5739599999706
--------------------------- instance 0 done
3724.1688674898337
19588
32945
3890.1330535075886
316
63
[75, 57, 45, 70, 96, 102, 81, 52, 39, -24]
319
72397
[77, 77, 77, 77, 77, 77, 83, 83, 83, -32]
1249975
3906.7279500000077
--------------------------- instance 1 done

====================================
500.0
20.0
0.0
2079.3844749819996
11232
17836
2169.8634123413854
170
33
[69, 19, 2, 29, 82, 61, 14, 3, 35, 65]
172
33070
[71, 71, 71, 71, 71, 71, 71, 71, 71, 64]
571733
2682.8106700000276
--------------------------- instance 0 done
2837.447136384532
19559
32865
3035.362767149327
322
64
[88, 70, 58, 83, 110, 116, 94, 65, 54, 39]
319
72402
[90, 72, 72, 85, 85, 85, 96, 67, 67, 38]
1602441
3052.196700000012
--------------------------- instance 1 done

====================================
500.0
20.0
1.0
2569.159318919231
11309
18573
2677.9721424028326
169
33
[69, 20, 2, 29, 82, 61, 15, 3, 35, 57]
241
33699
[67, 17, -1, 25, 79, 59, 11, 0, 32, 47]
956592
2797.380879999968
--------------------------- instance 0 done
3800.821226007113
19543
33339
4006.8454847591165
322
64
[88, 70, 58, 83, 110, 116, 94, 65, 54, 24]
319
72237
[90, 72, 72, 85, 85, 85, 97, 67, 67, 21]
1588873
4020.16072999997
--------------------------- instance 1 done
