************************************ Instance 7 ******************************************
====================================
100.0
5.0
0.0
905.8328966133193
13759
24947
1047.9609107250735
163
126
[26, 90, 35, 65, 84, 23, 34, 22, -12, -2]
164
51046
[27, 93, 37, 67, 88, 25, 38, 25, -13, -3]
991877
1048.5408300000074
--------------------------- instance 0 done

====================================
100.0
5.0
1.0
1558.8607724230442
8464
26294
1701.4076038287644
162
34
[27, 91, 36, 66, 85, 24, 35, 22, -13, -29]
164
50733
[26, 93, 37, 67, 88, 25, 38, 25, -15, -33]
804933
1705.2648400000003
--------------------------- instance 0 done

====================================
100.0
10.0
0.0
940.2726001237553
14582
26507
1131.8396948609538
124
63
[43, 107, 51, 82, 101, 39, 50, 38, 4, 21]
164
50911
[40, 105, 49, 79, 99, 37, 49, 37, 1, 17]
1283670
1149.3375700000033
--------------------------- instance 0 done

====================================
100.0
10.0
1.0
1597.7732200586167
16402
29891
1809.3746486825466
166
49
[38, 103, 47, 78, 97, 35, 46, 34, 0, 2]
164
53965
[40, 105, 49, 79, 99, 37, 49, 37, 1, 1]
1256926
1818.4885199999833
--------------------------- instance 0 done

====================================
100.0
20.0
0.0
969.903478116577
19823
42738
1171.4501086143553
125
68
[49, 115, 58, 89, 108, 46, 57, 44, 10, 31]
110
62099
[54, 114, 59, 90, 109, 47, 58, 46, 11, 32]
921415
1222.7748900000138
--------------------------- instance 0 done

====================================
100.0
20.0
1.0
1630.3175030431012
14710
25494
1874.2544289190073
114
48
[53, 115, 59, 92, 109, 46, 58, 45, 10, 26]
110
50783
[54, 114, 58, 90, 108, 47, 57, 46, 11, 25]
664334
1906.1368100000052
--------------------------- instance 0 done

====================================
200.0
5.0
0.0
1355.635861529111
14310
23934
1449.213244169699
164
49
[26, 90, 35, 65, 84, 23, 34, 22, -12, -19]
164
50777
[27, 93, 37, 67, 88, 25, 38, 25, -13, -22]
991100
1449.3990799999904
--------------------------- instance 0 done

====================================
200.0
5.0
1.0
1997.7628132519992
14295
23820
2101.644724247019
162
34
[27, 91, 36, 66, 85, 24, 35, 21, -21, -46]
164
50725
[26, 93, 37, 67, 87, 25, 38, 25, -24, -51]
804244
2105.793209999996
--------------------------- instance 0 done

====================================
200.0
10.0
0.0
1416.7397615166637
14328
23879
1541.370781739768
167
49
[38, 103, 47, 78, 97, 35, 46, 34, 0, 8]
164
50754
[40, 105, 49, 79, 99, 37, 49, 37, 1, 7]
1126532
1559.8855200000046
--------------------------- instance 0 done

====================================
200.0
10.0
1.0
2070.6199324728777
14309
23897
2210.563668584139
166
48
[38, 103, 47, 78, 97, 35, 46, 34, 0, -7]
164
50767
[40, 105, 49, 79, 99, 37, 49, 37, 1, -9]
1127597
2219.4448300000277
--------------------------- instance 0 done

====================================
200.0
20.0
0.0
1462.4801210351295
14292
23794
1623.013641806009
170
49
[46, 111, 55, 86, 105, 43, 54, 42, 7, 24]
165
50767
[47, 112, 56, 85, 106, 44, 56, 43, 8, 23]
608657
1653.7225699999922
--------------------------- instance 0 done

====================================
200.0
20.0
1.0
2123.070088445117
14311
23772
2305.0942837165394
169
49
[46, 111, 55, 86, 105, 43, 54, 42, 7, 16]
165
50738
[47, 112, 56, 85, 106, 44, 56, 43, 8, 15]
609417
2332.4591100000134
--------------------------- instance 0 done

====================================
500.0
5.0
0.0
2147.5000073348438
14309
23804
2179.7544211770437
316
33
[1, 65, 10, 40, 59, -2, 9, -9, -58, -95]
326
50739
[-2, 66, 8, 38, 62, -3, 8, -12, -66, -106]
1035173
2206.2543200000177
--------------------------- instance 0 done

====================================
500.0
5.0
1.0
2774.927654745347
14309
23822
2809.901548445715
314
33
[1, 65, 10, 40, 59, -2, 9, -25, -84, -100]
322
50697
[-1, 66, 9, 39, 63, -3, 10, -31, -95, -163]
1014044
2831.9395600000166
--------------------------- instance 0 done

====================================
500.0
10.0
0.0
2254.5098918508425
14307
23851
2294.7702275651613
326
33
[24, 88, 33, 63, 82, 21, 32, 20, -17, -34]
329
51332
[23, 89, 32, 64, 85, 22, 33, 19, -20, -39]
640016
2298.6505599999964
--------------------------- instance 0 done

====================================
500.0
10.0
1.0
2901.8790865012484
14309
23820
2946.089711280171
325
32
[24, 88, 33, 63, 82, 21, 32, 16, -31, -63]
329
50739
[23, 89, 32, 64, 86, 22, 33, 15, -36, -72]
640112
2957.0553700000282
--------------------------- instance 0 done

====================================
500.0
20.0
0.0
2329.697054599687
14323
23807
2387.127947547904
334
32
[38, 102, 47, 77, 96, 35, 46, 34, 0, 2]
330
50793
[39, 103, 46, 78, 99, 36, 47, 35, -1, 0]
639833
2396.9376300000163
--------------------------- instance 0 done

====================================
500.0
20.0
1.0
2989.5731442905158
14309
23851
3055.579062449259
333
32
[38, 102, 47, 77, 96, 35, 46, 34, -1, -14]
329
50889
[39, 103, 46, 78, 99, 36, 47, 35, -2, -18]
640251
3066.4259699999684
--------------------------- instance 0 done
****************************************** instance 8 *************************************************
====================================
100.0
5.0
0.0
1059.809531030158
27621
57782
1670.4757262107712
311
172
[203, 345, 296, 79, 46, 109, 4, 44, 28, -41]
309
112635
[209, 350, 303, 81, 47, 113, 3, 47, 30, -44]
2279922
1676.3359600000247
--------------------------- instance 0 done

====================================
100.0
5.0
1.0
2623.977509713949
17349
63878
3232.720124446468
310
80
[205, 345, 296, 79, 46, 109, 4, 44, 8, -93]
309
114623
[209, 350, 303, 81, 47, 113, 3, 47, 5, -101]
2351873
3234.103160000036
--------------------------- instance 0 done

====================================
100.0
10.0
0.0
1104.9493969771838
18370
68372
1787.2509531716607
315
122
[233, 368, 319, 102, 69, 132, 27, 67, 52, -10]
314
116837
[236, 370, 325, 103, 70, 136, 28, 69, 53, -12]
2235056
1789.3415700000019
--------------------------- instance 0 done

====================================
100.0
10.0
1.0
2675.4986378820327
29057
71750
3380.7151256290663
315
114
[233, 368, 319, 102, 69, 132, 27, 67, 46, -39]
313
115852
[237, 371, 325, 104, 70, 136, 28, 69, 45, -43]
2355220
3386.2645700000007
--------------------------- instance 0 done

====================================
100.0
20.0
0.0
1143.2049856465699
32023
69657
1873.2420307900118
318
107
[254, 386, 335, 116, 83, 146, 40, 81, 65, 8]
314
115758
[256, 385, 338, 117, 84, 149, 41, 82, 67, 7]
2243175
1891.936949999999
--------------------------- instance 0 done

====================================
100.0
20.0
1.0
2717.5276340594123
32846
70684
3490.139373607398
318
107
[254, 386, 335, 116, 83, 146, 40, 81, 65, -8]
314
117914
[256, 385, 338, 117, 84, 149, 41, 82, 67, -9]
2314043
3523.6637699999824
--------------------------- instance 0 done

====================================
200.0
5.0
0.0
1664.5066307051216
32930
76074
2173.8256387827646
312
110
[202, 344, 296, 79, 45, 109, 3, 43, 24, -58]
309
121976
[209, 350, 303, 81, 47, 113, 4, 47, 23, -63]
2479805
2182.3019700000436
--------------------------- instance 0 done

====================================
200.0
5.0
1.0
3225.528409764152
31026
68202
3733.6658595897143
310
104
[205, 345, 296, 79, 46, 109, 4, 44, 0, -100]
309
113101
[209, 350, 303, 81, 47, 113, 3, 47, -4, -119]
2351262
3736.36856999999
--------------------------- instance 0 done

====================================
200.0
10.0
0.0
1719.4741478324868
32154
70484
2295.1496544739157
316
102
[231, 368, 319, 102, 69, 132, 27, 67, 51, -19]
314
113397
[236, 370, 325, 103, 70, 136, 26, 69, 53, -22]
2227327
2301.0386999999887
--------------------------- instance 0 done

====================================
200.0
10.0
1.0
3289.358595746827
31112
68715
3883.3526676700553
315
104
[233, 368, 319, 102, 69, 132, 27, 67, 42, -48]
313
112464
[237, 371, 325, 104, 70, 136, 28, 69, 40, -53]
2344401
3890.3164800000254
--------------------------- instance 0 done

====================================
200.0
20.0
0.0
1766.3598929459802
33045
72422
2383.6931461281865
319
140
[252, 386, 335, 116, 83, 146, 40, 81, 65, 3]
314
121129
[256, 385, 338, 117, 84, 149, 41, 82, 67, 2]
2219067
2413.83060000003
--------------------------- instance 0 done

====================================
200.0
20.0
1.0
3342.0555927149785
29012
64159
3995.4396268293585
318
96
[254, 386, 335, 116, 83, 146, 40, 81, 64, -12]
314
112543
[256, 385, 337, 117, 84, 149, 41, 82, 67, -15]
2215257
4035.773789999946
--------------------------- instance 0 done

====================================
500.0
5.0
0.0
3122.2682418507225
32802
71415
3532.3840158837747
386
96
[133, 313, 283, 66, 33, 96, -9, 31, -12, -100]
524
116043
[107, 291, 266, 43, 9, 78, -34, 7, -42, -156]
3539139
3385.96378000002
--------------------------- instance 0 done

====================================
500.0
5.0
1.0
4674.300371471125
29347
65510
5075.315224367408
385
95
[133, 314, 283, 66, 33, 96, -9, 31, -44, -100]
524
120626
[107, 291, 266, 43, 9, 78, -34, 6, -90, -251]
4170791
4958.65672
--------------------------- instance 0 done

====================================
500.0
10.0
0.0
3221.7587565166223
31475
69806
3667.666595937695
392
96
[161, 342, 312, 95, 62, 125, 20, 60, 35, -54]
393
113170
[160, 345, 316, 97, 61, 129, 19, 61, 33, -60]
2261854
3669.111759999942
--------------------------- instance 0 done

====================================
500.0
10.0
1.0
4788.14589937462
28944
61420
5240.538550752996
391
95
[161, 342, 312, 95, 62, 125, 20, 60, 18, -89]
391
112425
[160, 345, 316, 97, 61, 129, 19, 61, 14, -99]
2262564
5242.7346599998955
--------------------------- instance 0 done

====================================
500.0
20.0
0.0
3294.243910505373
28944
62905
3767.858809339308
396
95
[178, 361, 330, 112, 79, 142, 37, 77, 60, -15]
393
112407
[177, 362, 332, 114, 78, 145, 36, 78, 63, -18]
1509258
3783.23085000005
--------------------------- instance 0 done

====================================
500.0
20.0
1.0
4870.832344615594
28962
62934
5367.38074250569
396
95
[178, 361, 330, 112, 79, 142, 37, 77, 53, -34]
393
112469
[177, 362, 332, 114, 78, 145, 36, 78, 52, -39]
1509271
5383.671350000056
--------------------------- instance 0 done
****************************************** instance 9 *************************************************


====================================
100.0
5.0
0.0
884.6865482011428
16949
35069
1137.9319277245684
205
110
[71, 38, -17, 8, 85, -9, 180, 193, -6, 40]
209
68653
[75, 40, -18, 7, 89, -11, 182, 201, -7, 39]
1842475
1149.7844400000101
--------------------------- instance 0 done

====================================
100.0
5.0
1.0
1810.8559843921005
10779
35351
2120.9411474053018
219
48
[69, 36, -19, 6, 83, -17, 171, 191, -8, 1]
229
68571
[72, 37, -22, 4, 85, -20, 168, 198, -10, -6]
1776029
2161.143520000045
--------------------------- instance 0 done

====================================
100.0
10.0
0.0
920.9168355814104
10638
36362
1221.533011508572
207
49
[87, 54, -1, 24, 101, 5, 196, 209, 10, 63]
209
68481
[90, 56, -2, 23, 104, 4, 195, 215, 9, 62]
1802154
1225.5989399999912
--------------------------- instance 0 done

====================================
100.0
10.0
1.0
1851.2551562171288
16900
32959
2247.0812144897554
205
49
[87, 54, -1, 24, 101, 7, 197, 210, 10, 44]
232
68544
[88, 53, -4, 22, 100, -2, 182, 212, 7, 37]
1412159
2270.5670399999767
--------------------------- instance 0 done

====================================
100.0
20.0
0.0
950.906686147734
18387
32912
1278.906430908736
209
63
[97, 63, 8, 33, 111, 14, 208, 220, 19, 76]
209
68513
[98, 64, 7, 32, 112, 13, 205, 222, 18, 77]
1094941
1278.7734400000018
--------------------------- instance 0 done

====================================
100.0
20.0
1.0
1884.9576246491254
18386
32958
2319.226612150231
208
64
[97, 63, 8, 33, 111, 15, 209, 221, 19, 66]
232
68481
[96, 64, 7, 32, 110, 8, 192, 220, 18, 63]
1597068
2358.6594599999944
--------------------------- instance 0 done

====================================
200.0
5.0
0.0
1382.5504561703876
18386
33005
1628.3559628601004
207
63
[71, 38, -17, 8, 85, -11, 178, 193, -6, 23]
231
68419
[72, 37, -22, 4, 84, -20, 167, 197, -11, 17]
1715664
1659.3074600000207
--------------------------- instance 0 done

====================================
200.0
5.0
1.0
2298.529961993817
18384
32804
2523.5071873770817
220
49
[69, 36, -19, 6, 83, -17, 171, 191, -8, -16]
229
68466
[72, 37, -22, 5, 85, -20, 168, 198, -10, -25]
1776085
2561.3249699999847
--------------------------- instance 0 done

====================================
200.0
10.0
0.0
1443.767276306179
18387
33114
1719.646383036385
207
64
[87, 54, -1, 24, 101, 5, 196, 209, 10, 54]
232
68872
[88, 53, -4, 22, 100, -2, 182, 212, 7, 51]
1412512
1738.47321000001
--------------------------- instance 0 done

====================================
200.0
10.0
1.0
2372.3228943604363
18387
32946
2666.7989550890215
230
49
[85, 52, -3, 22, 99, -1, 184, 207, 8, 30]
232
68494
[88, 54, -4, 21, 101, -2, 182, 212, 7, 27]
1842612
2671.8225400000033
--------------------------- instance 0 done

====================================
200.0
20.0
0.0
1490.439336946461
18462
32898
1777.9675228667413
209
49
[97, 63, 8, 33, 111, 14, 208, 220, 19, 71]
209
68434
[98, 64, 7, 32, 112, 13, 205, 222, 18, 72]
1094017
1777.9052299999698
--------------------------- instance 0 done

====================================
200.0
20.0
1.0
2426.8025694152357
18372
32930
2763.57317961502
234
64
[95, 62, 6, 31, 109, 8, 195, 219, 17, 59]
232
68463
[97, 64, 7, 32, 110, 9, 192, 221, 18, 58]
1524502
2769.1529100000184
--------------------------- instance 0 done

====================================
500.0
5.0
0.0
2440.800289468015
18355
33131
2762.6811130593073
299
49
[56, 23, -32, -7, 70, -30, 152, 177, -22, -43]
292
68466
[60, 27, -33, -6, 74, -31, 153, 187, -23, -49]
1804559
2778.976580000037
--------------------------- instance 0 done

====================================
500.0
5.0
1.0
3326.1794469827796
18371
33020
3653.101177561382
294
49
[56, 23, -32, -7, 70, -30, 153, 174, -42, -91]
419
68463
[39, 4, -56, -30, 52, -54, 133, 152, -82, -148]
3528370
3685.4986199999867
--------------------------- instance 0 done

====================================
500.0
10.0
0.0
2557.418900864868
23524
57184
2890.157724406185
306
68
[78, 45, -10, 15, 92, -8, 174, 200, 1, 17]
309
83916
[81, 47, -12, 14, 94, -10, 175, 205, 0, 13]
2074661
2894.3797999999642
--------------------------- instance 0 done

====================================
500.0
10.0
1.0
3480.565858379874
23644
57589
3807.3015360159598
304
76
[78, 45, -10, 15, 92, -8, 174, 200, 1, -10]
309
78656
[80, 47, -12, 14, 94, -10, 175, 205, 0, -18]
1807958
3822.585760000002
--------------------------- instance 0 done

====================================
500.0
20.0
0.0
2620.0186995953204
18386
32942
2974.956370485629
312
48
[91, 58, 3, 28, 105, 5, 188, 214, 14, 52]
309
68434
[93, 60, 2, 27, 107, 4, 189, 217, 13, 51]
1637341
2981.9043300000003
--------------------------- instance 0 done

====================================
500.0
20.0
1.0
3557.2474034673355
18400
32992
3915.087421252083
311
49
[91, 58, 3, 28, 105, 5, 188, 214, 14, 37]
309
68528
[93, 60, 2, 27, 107, 4, 189, 217, 13, 34]
1638025
3920.4970399999816
--------------------------- instance 0 done



****************************************** instance 10 *************************************************

====================================
100.0
5.0
0.0
1032.9700282677625
21867
45786
1469.9337058569524
310
111
[28, 135, 1, 0, 147, 34, 162, 212, 1, -21]
308
96271
[27, 141, 0, -1, 151, 33, 163, 221, 0, -23]
1894437
1473.0803600000127
--------------------------- instance 0 done

====================================
100.0
5.0
1.0
2256.2364611892526
13785
47440
2704.494016712555
307
65
[28, 135, 1, 0, 147, 34, 162, 212, -9, -72]
308
96084
[27, 141, 0, -1, 151, 33, 161, 221, -13, -79]
1896835
2704.985729999972
--------------------------- instance 0 done

====================================
100.0
10.0
0.0
1079.2073778803765
24181
48299
1596.9079972032112
195
81
[63, 169, 35, 37, 182, 120, 247, 247, 35, 21]
189
96157
[64, 175, 37, 41, 185, 136, 258, 253, 37, 20]
2223838
1632.7200100000048
--------------------------- instance 0 done

====================================
100.0
10.0
1.0
2310.955568541054
24182
45724
2878.063796467906
311
64
[51, 158, 24, 23, 170, 57, 185, 235, 24, -18]
206
96066
[61, 173, 35, 33, 184, 99, 239, 251, 35, -1]
3024517
2917.6982599999515
--------------------------- instance 0 done

====================================
100.0
20.0
0.0
1115.5325452955676
24198
45549
1649.9281070954678
199
79
[71, 180, 43, 45, 192, 137, 263, 258, 43, 33]
191
96075
[70, 181, 45, 48, 193, 155, 272, 260, 45, 34]
1813361
1721.410380000014
--------------------------- instance 0 done

====================================
100.0
20.0
1.0
2351.623957640709
24182
45315
2955.6296185025176
203
79
[71, 179, 43, 43, 192, 129, 258, 258, 43, 23]
206
96253
[70, 181, 44, 42, 191, 124, 255, 259, 44, 22]
1872025
2969.0533800000344
--------------------------- instance 0 done

====================================
200.0
5.0
0.0
1543.4953193402728
24197
45455
1870.4160082664164
310
79
[28, 135, 1, 0, 147, 34, 162, 212, 1, -38]
308
96066
[27, 141, 0, -1, 151, 33, 163, 221, 0, -42]
1894613
1873.6507200000087
--------------------------- instance 0 done

====================================
200.0
5.0
1.0
2765.8949540299845
24196
46362
3104.5335359121177
307
79
[28, 135, 1, 0, 147, 34, 162, 212, -17, -88]
308
96022
[27, 141, 0, -1, 151, 33, 161, 221, -22, -98]
1896743
3105.649319999991
--------------------------- instance 0 done

====================================
200.0
10.0
0.0
1605.1162706950843
24182
47924
2025.435073894145
314
79
[51, 158, 24, 23, 170, 57, 185, 235, 24, 1]
323
96035
[50, 160, 23, 22, 171, 56, 184, 240, 23, -2]
2386105
2064.8512699999856
--------------------------- instance 0 done

====================================
200.0
10.0
1.0
2839.7343877190888
24195
45674
3278.5962450080524
312
79
[51, 158, 24, 23, 170, 57, 185, 235, 22, -27]
308
96084
[52, 162, 25, 22, 173, 58, 188, 242, 23, -32]
1769261
3288.6056000000276
--------------------------- instance 0 done

====================================
200.0
20.0
0.0
1652.9631907878882
24182
45752
2132.8776209365155
317
79
[65, 172, 37, 36, 185, 71, 200, 250, 37, 23]
329
96065
[64, 174, 36, 35, 186, 70, 199, 252, 36, 22]
1656385
2193.635110000054
--------------------------- instance 0 done

====================================
200.0
20.0
1.0
2894.5167111665432
24211
48176
3403.2120122398082
315
64
[65, 173, 38, 37, 185, 71, 200, 250, 38, 8]
329
96066
[64, 174, 37, 36, 186, 70, 199, 252, 37, 4]
1744931
3509.745279999978
--------------------------- instance 0 done

====================================
500.0
5.0
0.0
2747.4466885254074
24183
45659
2982.2538725853556
409
64
[11, 118, -16, -17, 130, 17, 145, 195, -34, -100]
411
96050
[10, 123, -18, -19, 133, 16, 146, 203, -40, -115]
2568367
2983.005129999985
--------------------------- instance 0 done

====================================
500.0
5.0
1.0
3963.4922808037472
24197
45642
4203.314693690888
405
64
[12, 119, -15, -16, 131, 18, 146, 189, -67, -100]
411
96662
[10, 122, -18, -19, 133, 16, 145, 192, -77, -190]
2568371
4216.813399999985
--------------------------- instance 0 done

====================================
500.0
10.0
0.0
2842.2968635915395
24179
45786
3119.215562040445
416
64
[42, 149, 15, 14, 161, 48, 176, 226, 13, -36]
411
96613
[43, 152, 14, 13, 164, 47, 178, 231, 12, -41]
1932940
3129.191240000007
--------------------------- instance 0 done

====================================
500.0
10.0
1.0
4076.064578193354
24196
45767
4361.908955707515
412
64
[42, 149, 15, 14, 161, 48, 176, 226, -3, -73]
411
96647
[41, 152, 14, 13, 164, 47, 178, 231, -8, -82]
1936809
4362.831030000007
--------------------------- instance 0 done

====================================
500.0
20.0
0.0
2915.8784220572493
24179
46362
3218.9728703853953
421
64
[59, 167, 32, 31, 179, 65, 194, 244, 32, 4]
411
96693
[61, 170, 33, 32, 182, 67, 196, 248, 33, 1]
2666308
3263.107059999995
--------------------------- instance 0 done

====================================
500.0
20.0
1.0
4160.080900401587
24182
44252
4479.74683112933
418
64
[60, 167, 33, 32, 179, 66, 194, 245, 31, -16]
412
96772
[61, 170, 32, 31, 182, 67, 196, 248, 33, -20]
1772707
4504.828069999945
--------------------------- instance 0 done
