
====================================
5.0
2.0
0.0
[12, 12, 8, 4, 3, 0]
[0, 4, 7, 11, 11, 6]
[16, 8, 15, 16, 2, 6]
[13, 9, 12, 12, 6, 8]
[7, 0, 6, 0, 4, 0]
[8, 9, 6, 0, 0, 3]
[50, 45, 17, 9, 12, 0]
[9, 19, 23, 23, 8, 9]
[5, 0, 8, 10, 0, 8]
[2, 8, 16, 11, 1, 0]

====================================
5.0
2.0
1.0
[12, 12, 8, 4, 1, 0]
[0, 3, 6, 10, 11, 0]
[15, 7, 15, 16, 3, 0]
[13, 9, 12, 12, 5, 3]
[6, 0, 3, 5, 0, 0]
[8, 9, 6, 0, 0, 0]
[49, 44, 16, 8, 11, 0]
[6, 17, 21, 22, 7, 4]
[5, 0, 7, 9, 0, 3]
[2, 8, 16, 11, 0, 0]

====================================
5.0
3.0
0.0
[14, 13, 9, 5, 4, 0]
[0, 5, 8, 12, 12, 7]
[18, 10, 17, 18, 3, 7]
[15, 11, 14, 14, 7, 9]
[5, 5, 8, 0, 5, 0]
[9, 10, 5, 0, 5, 0]
[53, 47, 18, 10, 13, 0]
[12, 22, 25, 24, 10, 10]
[6, 0, 8, 9, 3, 9]
[4, 10, 18, 13, 2, 0]

====================================
5.0
3.0
1.0
[14, 13, 9, 4, 2, 0]
[0, 5, 8, 12, 11, 4]
[17, 10, 17, 17, 2, 4]
[15, 11, 14, 13, 6, 6]
[7, 0, 5, 8, 0, 0]
[9, 10, 6, 0, 4, 0]
[52, 47, 18, 10, 12, 0]
[11, 21, 24, 24, 8, 7]
[6, 0, 9, 11, 0, 6]
[4, 9, 17, 12, 1, 0]

====================================
10.0
2.0
0.0
[12, 12, 8, 4, 2, 0]
[0, 3, 6, 10, 10, 4]
[15, 8, 15, 16, 1, 4]
[13, 9, 12, 12, 5, 6]
[7, 0, 6, 0, 3, 0]
[9, 9, 6, 0, 0, 0]
[49, 44, 16, 8, 11, 0]
[7, 18, 22, 22, 7, 7]
[5, 0, 8, 10, 0, 6]
[2, 7, 16, 11, 0, 0]

====================================
10.0
2.0
1.0
[13, 12, 9, 5, 0, 0]
[0, 3, 6, 9, 9, 0]
[15, 7, 14, 16, 1, 0]
[12, 8, 11, 11, 4, 0]
[6, 0, 3, 5, 0, 0]
[8, 9, 5, 0, 0, 0]
[48, 43, 16, 7, 10, 0]
[5, 16, 21, 21, 6, 0]
[5, 0, 7, 9, 0, 0]
[2, 8, 17, 12, 0, 0]

====================================
10.0
3.0
0.0
[14, 13, 9, 5, 3, 0]
[0, 5, 8, 12, 11, 6]
[17, 10, 17, 18, 2, 6]
[15, 11, 14, 14, 6, 8]
[8, 0, 5, 8, 0, 0]
[9, 10, 5, 0, 4, 0]
[53, 47, 18, 10, 13, 0]
[11, 22, 25, 24, 9, 9]
[7, 0, 9, 11, 0, 8]
[3, 9, 17, 12, 1, 0]

====================================
10.0
3.0
1.0
[14, 13, 9, 4, 2, 0]
[0, 5, 8, 12, 12, 0]
[17, 10, 17, 17, 2, 3]
[14, 10, 13, 13, 6, 5]
[7, 0, 4, 7, 0, 0]
[10, 10, 7, 0, 0, 0]
[52, 46, 18, 10, 12, 0]
[10, 21, 24, 23, 8, 6]
[6, 0, 9, 11, 0, 5]
[4, 12, 19, 14, 0, 0]

====================================
20.0
2.0
0.0
[13, 12, 9, 5, 0, 0]
[0, 3, 6, 9, 9, 0]
[15, 7, 14, 16, 1, 0]
[12, 8, 11, 11, 4, 0]
[7, 0, 5, 0, 1, 0]
[8, 9, 5, 0, 0, 0]
[48, 43, 16, 7, 9, 0]
[5, 16, 20, 21, 6, 0]
[5, 0, 7, 9, 0, 0]
[0, 7, 15, 10, 0, 0]

====================================
20.0
2.0
1.0
[12, 12, 8, 3, 0, 0]
[0, 3, 6, 10, 0, 0]
[14, 6, 13, 14, 0, 0]
[12, 8, 10, 10, 0, 0]
[7, 0, 6, 0, 0, 0]
[8, 8, 4, 0, 0, 0]
[47, 42, 15, 5, 7, 0]
[2, 14, 18, 20, 2, 0]
[4, 0, 6, 7, 0, 0]
[1, 7, 15, 10, 0, 0]

====================================
20.0
3.0
0.0
[14, 13, 9, 4, 2, 0]
[0, 5, 8, 12, 12, 0]
[17, 10, 17, 17, 4, 0]
[14, 10, 13, 13, 7, 0]
[7, 0, 4, 7, 0, 0]
[10, 10, 7, 0, 0, 0]
[52, 46, 18, 10, 11, 0]
[10, 20, 24, 23, 8, 5]
[6, 0, 9, 11, 0, 4]
[4, 11, 19, 13, 0, 0]

====================================
20.0
3.0
1.0
[14, 13, 9, 4, 0, 0]
[0, 4, 7, 11, 10, 0]
[17, 9, 16, 17, 2, 0]
[14, 10, 13, 12, 5, 0]
[7, 0, 4, 5, 0, 0]
[9, 10, 6, 0, 0, 0]
[51, 46, 17, 8, 10, 0]
[9, 19, 23, 23, 7, 0]
[6, 0, 8, 10, 0, 0]
[4, 10, 18, 12, 0, 0]
