
====================================
5.0
2.0
0.0
[9, 9, 9, 9, 9, 0]
[0, 8, 9, 9, 9, 9]
[9, 9, 9, 9, 8, 9]
[9, 9, 9, 9, 8, 9]
[9, 0, 9, 0, 9, 0]
[9, 9, 9, 0, 0, 9]
[9, 9, 9, 9, 8, 9]
[8, 9, 9, 9, 9, 9]
[9, 0, 9, 9, 0, 9]
[4, 9, 9, 9, 9, 0]

====================================
5.0
2.0
1.0
[9, 9, 9, 9, 8, 0]
[0, 8, 9, 9, 9, 0]
[9, 9, 9, 9, 9, 0]
[9, 9, 9, 9, 8, 9]
[9, 0, 8, 9, 0, 0]
[9, 9, 9, 0, 0, 0]
[9, 9, 9, 9, 8, 9]
[8, 9, 9, 9, 9, 9]
[8, 0, 9, 9, 0, 9]
[4, 9, 9, 9, 7, 0]

====================================
5.0
3.0
0.0
[9, 9, 9, 9, 9, 0]
[0, 9, 9, 9, 9, 9]
[9, 9, 9, 9, 8, 9]
[9, 9, 9, 9, 8, 9]
[6, 6, 9, 0, 9, 0]
[9, 9, 9, 0, 9, 0]
[9, 9, 9, 9, 8, 9]
[8, 9, 9, 9, 9, 9]
[8, 0, 9, 9, 6, 9]
[5, 9, 9, 9, 9, 0]

====================================
5.0
3.0
1.0
[9, 9, 9, 9, 9, 0]
[0, 9, 9, 9, 9, 9]
[9, 9, 9, 9, 8, 9]
[9, 9, 9, 9, 8, 9]
[9, 0, 9, 9, 0, 0]
[9, 9, 9, 0, 6, 0]
[9, 9, 9, 9, 8, 9]
[8, 9, 9, 9, 9, 9]
[9, 0, 9, 9, 0, 9]
[5, 9, 9, 9, 8, 0]

====================================
10.0
2.0
0.0
[9, 9, 9, 9, 9, 0]
[0, 8, 9, 9, 9, 9]
[9, 9, 9, 9, 8, 9]
[9, 9, 9, 9, 8, 9]
[9, 0, 9, 0, 9, 0]
[9, 9, 9, 0, 0, 0]
[9, 9, 9, 9, 8, 9]
[8, 9, 9, 9, 9, 9]
[9, 0, 9, 9, 0, 9]
[4, 9, 9, 9, 9, 0]

====================================
10.0
2.0
1.0
[9, 9, 9, 9, 0, 0]
[0, 8, 9, 9, 9, 0]
[9, 9, 9, 9, 9, 0]
[9, 9, 9, 9, 9, 0]
[9, 0, 8, 9, 0, 0]
[9, 9, 9, 0, 0, 0]
[9, 9, 9, 9, 9, 0]
[9, 9, 9, 9, 9, 0]
[8, 0, 9, 9, 0, 0]
[6, 9, 9, 9, 0, 0]

====================================
10.0
3.0
0.0
[9, 9, 9, 9, 9, 0]
[0, 9, 9, 9, 9, 9]
[9, 9, 9, 9, 8, 9]
[9, 9, 9, 9, 8, 9]
[9, 0, 9, 9, 0, 0]
[9, 9, 9, 0, 9, 0]
[9, 9, 9, 9, 8, 9]
[8, 9, 9, 9, 9, 9]
[9, 0, 9, 9, 0, 9]
[5, 9, 9, 9, 9, 0]

====================================
10.0
3.0
1.0
[9, 9, 9, 9, 9, 0]
[0, 9, 9, 9, 9, 0]
[9, 9, 9, 9, 8, 9]
[9, 9, 9, 9, 8, 9]
[9, 0, 9, 9, 0, 0]
[9, 9, 9, 0, 0, 0]
[9, 9, 9, 9, 8, 9]
[8, 9, 9, 9, 9, 9]
[9, 0, 9, 9, 0, 9]
[9, 9, 9, 9, 0, 0]

====================================
20.0
2.0
0.0
[9, 9, 9, 9, 0, 0]
[0, 9, 9, 9, 9, 0]
[9, 9, 9, 9, 9, 0]
[9, 9, 9, 9, 9, 0]
[9, 0, 9, 0, 9, 0]
[9, 9, 9, 0, 0, 0]
[9, 9, 9, 9, 9, 0]
[9, 9, 9, 9, 9, 0]
[9, 0, 9, 9, 0, 0]
[0, 9, 9, 9, 9, 0]

====================================
20.0
2.0
1.0
[9, 9, 9, 9, 0, 0]
[0, 9, 9, 9, 0, 0]
[9, 9, 9, 9, 9, 0]
[9, 9, 9, 9, 9, 0]
[9, 0, 9, 0, 0, 0]
[9, 9, 9, 0, 0, 0]
[9, 9, 9, 9, 9, 0]
[9, 9, 9, 9, 9, 0]
[8, 0, 9, 9, 0, 0]
[6, 9, 9, 9, 0, 0]

====================================
20.0
3.0
0.0
[9, 9, 9, 9, 9, 0]
[0, 9, 9, 9, 9, 0]
[9, 9, 9, 9, 9, 0]
[9, 9, 9, 9, 9, 0]
[9, 0, 9, 9, 0, 0]
[9, 9, 9, 0, 0, 0]
[9, 9, 9, 9, 8, 9]
[8, 9, 9, 9, 9, 9]
[9, 0, 9, 9, 0, 9]
[9, 9, 9, 9, 0, 0]

====================================
20.0
3.0
1.0
[9, 9, 9, 9, 9, 0]
[0, 9, 9, 9, 9, 0]
[9, 9, 9, 9, 9, 0]
[9, 9, 9, 9, 9, 0]
[9, 0, 9, 9, 0, 0]
[9, 9, 9, 0, 0, 0]
[9, 9, 9, 9, 9, 0]
[9, 9, 9, 9, 9, 0]
[9, 0, 9, 9, 0, 0]
[9, 9, 9, 9, 0, 0]
