
====================================
5.0
2.0
0.0
74.35239361656728
57.80273192086773
111.6150299750393
94.80954339715029
49.28271117032007
52.79286352981221
442.11368479226337
105.47595560136142
53.62533347249593
61.99402920984526

====================================
5.0
2.0
1.0
119.11253485356134
99.72752755092918
164.5542491682786
147.80954339715024
76.22681593368124
84.6993649932752
495.1136847922637
158.47595560136148
88.74430913084676
101.10549188012887

====================================
5.0
3.0
0.0
94.13652383464023
65.73760491877368
150.48670553817828
124.74605683824947
55.48096295601695
60.92650151230883
648.1515781939679
131.9679399272513
59.04117036877883
69.47149066485758

====================================
5.0
3.0
1.0
139.1365238346403
110.73760491877367
203.48670553817823
177.74605683824953
84.5731983822887
95.57141534482126
701.1515781939675
184.96793992725128
97.50044394866165
110.15847665972495

====================================
10.0
2.0
0.0
99.35239361656727
82.8027319208677
141.6150299750394
124.80954339715024
64.28271117032006
72.69936499327518
472.11368479226337
135.47595560136145
73.62533347249594
86.99402920984525

====================================
10.0
2.0
1.0
144.1119674400237
119.72752755092917
189.55424916827863
172.9960907528502
91.22681593368122
99.6993649932752
521.1136588098775
185.4733684745884
104.98757769252178
122.37107100480883

====================================
10.0
3.0
0.0
119.13652383464023
90.7376049187737
180.48670553817817
154.74605683824942
72.57319838228871
80.92650151230887
678.1515781939678
161.96793992725125
81.50044394866165
94.47149066485763

====================================
10.0
3.0
1.0
164.1365238346403
134.01350612485408
233.4867055381782
207.7460568382495
99.5731983822887
114.93248578327902
731.151578193968
214.9679399272513
117.50044394866163
134.21045619127221

====================================
20.0
2.0
0.0
148.11196744002362
123.76013011563354
194.55424916827863
177.99609075285025
94.28271117032007
102.69936499327522
526.1136588098776
190.4733684745884
108.040761854507
128.65856329451475

====================================
20.0
2.0
1.0
184.1119674400237
157.95577306222714
239.5542491682784
222.9960907528503
116.34809108526387
129.69936499327517
571.1136588098773
235.47336847458828
134.9875776925218
162.37107100480884

====================================
20.0
3.0
0.0
169.13652383464026
138.0135061248542
240.07233112916396
214.6614533125161
102.57319838228868
117.93248578327906
738.1515781939676
221.9679399272513
121.50044394866164
138.2104561912722

====================================
20.0
3.0
1.0
214.1365238346403
174.01350612485413
285.0723311291638
259.6614533125162
129.5731983822887
144.93248578327905
784.1515435507861
267.9644904248873
150.7210151246764
174.21045619127221
