
====================================
5.0
3.0
0.0
341118
358482
326942
300983
346567
321890
361617
351388
340210
300765

====================================
10.0
5.0
0.0
344871
344868
308219
303675
324738
315176
342136
314548
333100
302062

====================================
10.0
7.0
0.0
348497
352901
336378
307596
334989
331857
362951
314754
330176
302881



====================================
5.0
3.0
1.0
345023
364656
319720
315178
331552
325554
352326
323710
338687
315558

====================================
10.0
5.0
1.0
359982
357045
315204
310025
351659
337180
369148
335351
346178
313943

====================================
10.0
7.0
1.0
361970
361855
323005
313776
342564
329183
356744
333550

====================================
5.0
3.0
1.0

====================================
5.0
3.0
1.0

====================================
5.0
3.0
0.0

====================================
5.0
3.0
0.0

====================================
5.0
3.0
0.0

====================================
5.0
3.0
0.0

====================================
10.0
5.0
0.0

====================================
10.0
7.0
0.0

====================================
5.0
3.0
0.0

====================================
5.0
3.0
0.0

====================================
5.0
3.0
0.0

====================================
10.0
5.0
0.0

====================================
10.0
7.0
0.0

====================================
5.0
3.0
1.0

====================================
10.0
5.0
1.0

====================================
10.0
7.0
1.0
