
====================================
5.0
3.0
0.0
5
3
1
3
1
14
0
1
0
0

====================================
10.0
5.0
0.0
1
1
0
4
0
14
0
0
0
0

====================================
10.0
7.0
0.0
0
0
0
5
1
1
0
11
10
6



====================================
5.0
3.0
1.0
5
5
3
1
1
1
8
13
1
0

====================================
10.0
5.0
1.0
0
14
6
0
1
1
1
0
0
0

====================================
10.0
7.0
1.0
0
0
5
0
1
6
11
0

====================================
5.0
3.0
1.0

====================================
5.0
3.0
1.0

====================================
5.0
3.0
0.0

====================================
5.0
3.0
0.0

====================================
5.0
3.0
0.0

====================================
5.0
3.0
0.0

====================================
10.0
5.0
0.0

====================================
10.0
7.0
0.0

====================================
5.0
3.0
0.0

====================================
5.0
3.0
0.0

====================================
5.0
3.0
0.0

====================================
10.0
5.0
0.0

====================================
10.0
7.0
0.0

====================================
5.0
3.0
1.0

====================================
10.0
5.0
1.0

====================================
10.0
7.0
1.0
