[11, 38, 115, 175, 115, 38]
-4   23   103   160   100   14   
[122, 77, 124, 95, 107, 73]
103   58   105   76   88   45   
[100, 62, 31, 43, 199, 172]
80   42   11   23   179   143   
[100, 100, 100, 100, 100, 100, 100, 100]
82   82   82   82   82   82   82   73   
[211, 119, 165, 47, 100, 62, 31, 82]
187   95   141   23   76   38   7   49   
[97, 33, 41, 76, 122, 29, 37, 66]
86   21   29   65   111   17   25   45   
[54, 23, 35, 49, 66, 26, 37, 41, 71, 19]
47   16   28   42   59   19   30   34   64   2   
[65, 73, 59, 42, 36, 31, 28, 23, 18, 11]
60   68   53   36   30   25   22   16   11   -5   
[11, 18, 23, 28, 31, 36, 42, 59, 73, 65]
4   11   16   21   24   29   35   53   67   49   
[9, 17, 22, 35, 49, 52, 68, 53, 50, 36, 23, 18]
1   9   14   28   42   45   61   46   43   29   15   1   
[76, 58, 22, 54, 69, 21, 13, 89, 75, 66, 45, 29]
62   44   8   40   55   7   -1   75   61   52   31   6   
[60, 60, 60, 60, 60, 60, 60, 60, 60, 60, 60, 60]
49   49   49   49   49   49   49   49   49   49   49   40   
