[11, 38, 115, 175, 115, 38]
true     575.9807529148002     13177.0     719.7364668324682     175.0     34352.0
[122, 77, 124, 95, 107, 73]
true     667.2103369022359     10543.0     733.5708652219776     211.0     44547.0
[100, 62, 31, 43, 199, 172]
true     612.6079326942368     17787.0     743.1756268841561     228.0     38706.0
[100, 100, 100, 100, 100, 100, 100, 100]
true     947.1650911376596     23707.0     1050.6203397535007     207.0     51702.0
[211, 119, 165, 47, 100, 62, 31, 82]
true     819.1044448664145     23833.0     1182.7489702555076     274.0     58003.0
[97, 33, 41, 76, 122, 29, 37, 66]
true     728.3102903971143     16410.0     810.0156724348036     134.0     32811.0
[54, 23, 35, 49, 66, 26, 37, 41, 71, 19]
true     791.3257704834406     14449.0     860.4927473818256     87.0     31099.0
[65, 73, 59, 42, 36, 31, 28, 23, 18, 11]
true     760.998216645659     13966.0     847.4804417198362     79.0     29079.0
[11, 18, 23, 28, 31, 36, 42, 59, 73, 65]
true     815.7946792594449     13619.0     922.9110233717195     83.0     27783.0
[9, 17, 22, 35, 49, 52, 68, 53, 50, 36, 23, 18]
true     931.7332894551434     16011.0     1050.6997642436309     89.0     32676.0
[76, 58, 22, 54, 69, 21, 13, 89, 75, 66, 45, 29]
true     990.8368903930839     21024.0     1104.6121025683108     159.0     42018.0
[60, 60, 60, 60, 60, 60, 60, 60, 60, 60, 60, 60]
true     1152.6663497541215     23768.0     1264.4971005158184     124.0     46717.0
