10
5
0
0.1
[2, 4, 6, 4]
true 
41.12328748709221     8.0     42.20042233155191     8.0     10.0     43.67693727011298     851.0     [8.0, 0.0, 9.0, 0.0]
[9, 7, 5, 3]
true 
52.76586261879993     2.0     62.713758982206784     8.0     4.0     59.44091112221057     1423.0     [9.0, 9.0, 9.0, 0.0]
[2, 5, 7, 8]
true 
49.862588296230754     1.0     52.71603820725902     8.0     3.0     54.010030489764034     1368.0     [8.0, 0.0, 9.0, 9.0]
[6, 6, 6, 6]
true 
49.703082746806054     1.0     52.514277598740705     8.0     2.0     56.96898659794021     1573.0     [8.0, 9.0, 9.0, 0.0]
[5, 7, 2, 5]
true 
43.26860673827599     2.0     44.56992736098282     8.0     7.0     49.228392760108314     1041.0     [9.0, 9.0, 0.0, 0.0]
[4, 5, 6, 7, 6]
true 
60.439944892488526     2.0     63.72345599020232     8.0     3.0     70.34825639554313     17248.0     [9.0, 0.0, 9.0, 9.0, 0.0]
[8, 6, 3, 7, 9]
true 
66.89156371592493     3.0     74.01804283805625     8.0     4.0     77.05848502642611     17502.0     [9.0, 9.0, 0.0, 9.0, 9.0]
[6, 3, 9, 1, 5]
true 
53.124209728390305     2.0     57.12499534635612     8.0     3.0     65.75697814016429     15322.0     [8.0, 7.0, 9.0, 0.0, 0.0]
[2, 5, 4, 8, 3]
true 
53.836020214658056     2.0     56.27759428371527     8.0     3.0     61.33913428706195     15369.0     [8.0, 0.0, 7.0, 9.0, 0.0]
[4, 4, 8, 8, 3]
true 
59.04519184934871     3.0     63.62537116773848     8.0     4.0     67.62937532921575     16329.0     [9.0, 0.0, 9.0, 9.0, 0.0]
10
5
1
0.1
[2, 4, 6, 4]
true 
57.69142772045821     1.0     58.83205050421649     8.0     2.0     60.431610369530866     1325.0     [7.0, 0.0, 9.0, 0.0]
[9, 7, 5, 3]
true 
77.22230397534945     1.0     87.28603313880625     8.0     2.0     85.92260436644163     1462.0     [9.0, 9.0, 8.0, 0.0]
[2, 5, 7, 8]
true 
72.14338498167568     1.0     74.61916025119868     8.0     2.0     77.86819177321573     1496.0     [9.0, 0.0, 9.0, 0.0]
[6, 6, 6, 6]
true 
74.06901816415605     1.0     76.80929423035481     8.0     3.0     82.05294219239154     1121.0     [8.0, 8.0, 9.0, 0.0]
[5, 7, 2, 5]
true 
62.485937829977644     1.0     63.84160382667607     8.0     2.0     67.22839276010833     930.0     [9.0, 9.0, 0.0, 0.0]
[4, 5, 6, 7, 6]
true 
88.82062688310171     2.0     91.93809319073452     8.0     3.0     97.3482563955431     17354.0     [9.0, 0.0, 9.0, 9.0, 0.0]
[8, 6, 3, 7, 9]
true 
100.13212683872953     3.0     106.79649087917234     8.0     5.0     112.99800895332635     17673.0     [9.0, 9.0, 0.0, 9.0, 8.0]
[6, 3, 9, 1, 5]
true 
77.35474053675378     2.0     81.47256606295015     8.0     4.0     89.68123400918134     15588.0     [8.0, 6.0, 9.0, 0.0, 0.0]
[2, 5, 4, 8, 3]
true 
76.5761129798852     0.0     79.20264877678122     8.0     0.0     84.24477205595379     14014.0     [4.0, 9.0, 0.0, 9.0, 0.0]
[4, 4, 8, 8, 3]
true 
86.73258103952551     2.0     91.38402308911006     8.0     2.0     94.62937532921572     16122.0     [9.0, 0.0, 9.0, 9.0, 0.0]
5
10
0
0.1
[2, 4, 6, 4]
true 
33.24649927483019     1.0     34.89237958221069     8.0     0.0     39.275228367302596     865.0     [4.0, 6.0, 9.0, 0.0]
[9, 7, 5, 3]
true 
50.72395881774294     0.0     69.24536558085607     8.0     0.0     59.808335929958716     1472.0     [9.0, 9.0, 9.0, 0.0]
[2, 5, 7, 8]
true 
39.340427874657514     1.0     44.19533819796116     8.0     0.0     43.86414158901914     1361.0     [4.0, 7.0, 8.0, 9.0]
[6, 6, 6, 6]
true 
39.1548106120194     1.0     43.29825469313836     8.0     0.0     48.33489851801171     1479.0     [9.0, 9.0, 9.0, 0.0]
[5, 7, 2, 5]
true 
33.81835089670494     2.0     36.03643518576471     8.0     3.0     42.071962928720524     1232.0     [9.0, 9.0, 0.0, 7.0]
[4, 5, 6, 7, 6]
true 
48.21704455769123     1.0     51.18107563268614     8.0     2.0     60.71335087451248     16221.0     [7.0, 7.0, 9.0, 9.0, 0.0]
[8, 6, 3, 7, 9]
true 
55.7932532864561     3.0     68.52259820992829     8.0     2.0     68.97144899212633     17191.0     [9.0, 9.0, 5.0, 8.0, 9.0]
[6, 3, 9, 1, 5]
true 
42.74967176467619     2.0     47.92206250941251     8.0     4.0     56.813063858407745     15312.0     [9.0, 6.0, 9.0, 0.0, 7.0]
[2, 5, 4, 8, 3]
true 
42.58654299310963     2.0     46.80147496546752     8.0     3.0     53.11473923319581     14872.0     [4.0, 7.0, 6.0, 9.0, 0.0]
[4, 4, 8, 8, 3]
true 
47.145775399632775     2.0     51.71198239190403     8.0     3.0     58.06606597902961     16061.0     [7.0, 6.0, 9.0, 9.0, 0.0]
5
10
1
0.1
[2, 4, 6, 4]
true 
51.18603885203631     3.0     53.644052769152985     8.0     2.0     57.61820267856114     1126.0     [9.0, 0.0, 9.0, 0.0]
[9, 7, 5, 3]
true 
76.5416945390969     1.0     95.76066194234815     8.0     0.0     86.8083359299587     1198.0     [9.0, 9.0, 9.0, 0.0]
[2, 5, 7, 8]
true 
63.94203316245488     1.0     68.73555991451641     8.0     1.0     71.05504974046151     935.0     [4.0, 7.0, 8.0, 7.0]
[6, 6, 6, 6]
true 
65.28456763300346     0.0     70.00780570443958     8.0     7.0     75.33489851801167     1167.0     [9.0, 9.0, 9.0, 0.0]
[5, 7, 2, 5]
true 
54.934931162203355     1.0     57.89280580494385     8.0     0.0     65.90697428137122     1278.0     [9.0, 9.0, 0.0, 5.0]
[4, 5, 6, 7, 6]
true 
78.34781202400968     1.0     81.92531843064212     8.0     0.0     91.91088416143413     16573.0     [7.0, 6.0, 9.0, 9.0, 0.0]
[8, 6, 3, 7, 9]
true 
91.20172697431641     3.0     103.8044969447367     8.0     5.0     108.25531392186153     16794.0     [9.0, 9.0, 5.0, 8.0, 7.0]
[6, 3, 9, 1, 5]
true 
68.93856266623693     1.0     74.8316294260249     8.0     0.0     85.5010314754039     14703.0     [9.0, 8.0, 9.0, 0.0, 0.0]
[2, 5, 4, 8, 3]
true 
66.73495840796683     1.0     71.92146696010028     8.0     2.0     78.98619715986774     14346.0     [4.0, 7.0, 5.0, 9.0, 0.0]
[4, 4, 8, 8, 3]
true 
76.24254537919721     3.0     81.76590230968726     8.0     5.0     89.06606597902959     16036.0     [7.0, 6.0, 9.0, 9.0, 0.0]
3
5
0
0.1
[2, 4, 6, 4]
true 
23.774639996302014     0.0     26.4966457565786     7.0     5.0     28.644968405565482     1080.0     [3.0, 6.0, 9.0, 0.0]
[9, 7, 5, 3]
true 
31.242376457151273     0.0     40.26938458970794     8.0     0.0     38.440911122210565     1409.0     [9.0, 9.0, 9.0, 0.0]
[2, 5, 7, 8]
true 
27.65165126744221     1.0     32.379811518596775     8.0     1.0     31.631622180387254     1308.0     [3.0, 7.0, 8.0, 9.0]
[6, 6, 6, 6]
true 
27.63090097138123     0.0     30.0692936183591     8.0     0.0     35.428131436954146     1271.0     [8.0, 7.0, 7.0, 7.0]
[5, 7, 2, 5]
true 
24.275462890752387     1.0     26.393251979335076     8.0     2.0     31.099429887871285     892.0     [7.0, 9.0, 0.0, 7.0]
[4, 5, 6, 7, 6]
true 
34.1617388461936     0.0     37.852643679079215     8.0     8.0     44.309278728543674     16091.0     [6.0, 6.0, 7.0, 8.0, 6.0]
[8, 6, 3, 7, 9]
true 
37.26033106240809     3.0     44.225080460081834     8.0     6.0     48.90992919142101     16609.0     [9.0, 9.0, 3.0, 8.0, 9.0]
[6, 3, 9, 1, 5]
true 
30.224534485562206     2.0     34.54912706840197     8.0     0.0     41.952071678040504     14682.0     [8.0, 5.0, 9.0, 0.0, 7.0]
[2, 5, 4, 8, 3]
true 
30.301184009009496     0.0     35.27166768112536     8.0     4.0     39.002999617615025     14345.0     [3.0, 7.0, 5.0, 9.0, 0.0]
[4, 4, 8, 8, 3]
true 
33.51738064386743     2.0     38.390471554289086     8.0     5.0     42.752362172667304     15888.0     [6.0, 6.0, 9.0, 9.0, 0.0]
3
5
1
0.1
[2, 4, 6, 4]
true 
40.770400165994815     0.0     43.83201585259101     7.0     0.0     45.983279297952514     1008.0     [3.0, 5.0, 9.0, 0.0]
[9, 7, 5, 3]
true 
56.19299814610179     2.0     65.80628050723223     8.0     3.0     64.92260436644166     1061.0     [9.0, 9.0, 8.0, 0.0]
[2, 5, 7, 8]
true 
50.9040358507754     0.0     55.53077909887974     8.0     0.0     56.704187663822175     1210.0     [3.0, 7.0, 8.0, 6.0]
[6, 6, 6, 6]
true 
52.76938133969455     1.0     55.60797031461544     8.0     3.0     61.052942192391534     1417.0     [8.0, 8.0, 9.0, 0.0]
[5, 7, 2, 5]
true 
44.490285344633214     1.0     47.028834392063004     8.0     0.0     52.98761434383725     1184.0     [7.0, 9.0, 0.0, 5.0]
[4, 5, 6, 7, 6]
true 
63.27242262228564     2.0     67.30539884207545     8.0     3.0     74.05671121590042     15829.0     [6.0, 6.0, 7.0, 9.0, 0.0]
[8, 6, 3, 7, 9]
true 
71.35750164263449     1.0     78.20541591745136     8.0     2.0     84.99800895332629     16948.0     [9.0, 9.0, 0.0, 9.0, 8.0]
[6, 3, 9, 1, 5]
true 
55.46324555480235     1.0     60.216013437242914     8.0     1.0     68.68123400918134     14457.0     [8.0, 6.0, 9.0, 0.0, 0.0]
[2, 5, 4, 8, 3]
true 
53.556606189761155     2.0     59.16214788178177     8.0     0.0     62.96008496536123     14499.0     [3.0, 7.0, 4.0, 9.0, 0.0]
[4, 4, 8, 8, 3]
true 
61.71918920545069     2.0     67.11505699901377     8.0     4.0     71.84684647164363     16096.0     [6.0, 5.0, 9.0, 9.0, 0.0]
5
3
0
0.1
[2, 4, 6, 4]
true 
26.832492861351813     1.0     28.462581635056456     7.0     1.0     29.621073767380153     1052.0     [7.0, 0.0, 9.0, 0.0]
[9, 7, 5, 3]
true 
31.6430269937183     1.0     37.02563024635928     8.0     0.0     37.94840336193203     1394.0     [9.0, 9.0, 8.0, 0.0]
[2, 5, 7, 8]
true 
32.14428816137017     1.0     34.09254681617718     8.0     0.0     35.150817858834266     943.0     [7.0, 0.0, 9.0, 9.0]
[6, 6, 6, 6]
true 
31.463412680333146     0.0     32.67724711031539     8.0     2.0     37.38133503057097     1032.0     [8.0, 7.0, 9.0, 0.0]
[5, 7, 2, 5]
true 
27.64709909148591     0.0     28.806601869708434     8.0     0.0     33.45656116585072     1335.0     [6.0, 9.0, 0.0, 7.0]
[4, 5, 6, 7, 6]
true 
39.01046684760319     1.0     40.787899987549295     8.0     0.0     45.89883799799079     16418.0     [9.0, 0.0, 9.0, 9.0, 0.0]
[8, 6, 3, 7, 9]
true 
40.76694648624904     3.0     45.00228885360412     8.0     4.0     48.70565733194487     16481.0     [9.0, 9.0, 0.0, 9.0, 9.0]
[6, 3, 9, 1, 5]
true 
33.701821150128666     2.0     36.37788219555288     8.0     0.0     43.933906498149426     14871.0     [9.0, 0.0, 9.0, 7.0, 0.0]
[2, 5, 4, 8, 3]
true 
34.7060707277506     1.0     37.41020699562817     8.0     0.0     40.82984838205877     14038.0     [4.0, 9.0, 0.0, 9.0, 0.0]
[4, 4, 8, 8, 3]
true 
37.68346869008369     1.0     40.807605170676375     8.0     0.0     43.75291728731657     16064.0     [9.0, 0.0, 9.0, 9.0, 0.0]
5
3
1
0.1
[2, 4, 6, 4]
true 
42.69290464628575     0.0     44.2426403376926     7.0     2.0     44.96935559015949     857.0     [6.0, 0.0, 9.0, 0.0]
[9, 7, 5, 3]
true 
55.505747662846964     0.0     61.019029293440795     8.0     0.0     62.725347537878996     1319.0     [9.0, 9.0, 6.0, 0.0]
[2, 5, 7, 8]
true 
53.733788307122     0.0     55.327229267587164     8.0     3.0     56.57856905425109     1344.0     [0.0, 9.0, 9.0, 0.0]
[6, 6, 6, 6]
true 
55.04362838794957     0.0     56.32422030449716     8.0     4.0     60.806278242176745     1309.0     [8.0, 6.0, 9.0, 0.0]
[5, 7, 2, 5]
true 
46.138426618791534     1.0     47.52430812923608     8.0     2.0     50.26776535631723     1201.0     [7.0, 9.0, 0.0, 0.0]
[4, 5, 6, 7, 6]
true 
66.60922539058345     0.0     68.33730237194138     8.0     0.0     72.89883799799078     15731.0     [9.0, 0.0, 9.0, 9.0, 0.0]
[8, 6, 3, 7, 9]
true 
73.42531223133028     3.0     77.02585812507145     8.0     0.0     82.79442918233546     17258.0     [9.0, 9.0, 0.0, 9.0, 0.0]
[6, 3, 9, 1, 5]
true 
57.22931750985007     1.0     60.117841619288264     8.0     0.0     66.58985010520662     14548.0     [8.0, 5.0, 9.0, 0.0, 0.0]
[2, 5, 4, 8, 3]
true 
56.842146589296355     1.0     59.61086221980263     8.0     3.0     61.966011483592226     14521.0     [3.0, 9.0, 0.0, 9.0, 0.0]
[4, 4, 8, 8, 3]
true 
64.80064786612043     1.0     67.87918444224447     8.0     0.0     70.75291728731656     15786.0     [9.0, 0.0, 9.0, 9.0, 0.0]
