83.60804139970219
82.6080413997022
81.6080413997022
80.6080413997022
79.60804139970222
78.60804139970222
77.6080413997022
76.6080413997022
75.6080413997022
74.60804139970222
73.60804139970219
72.60804139970219
71.60804139970219
70.6080413997022
69.6080413997022
68.6080413997022
67.60804139970219
66.60804139970219
65.60804139970219
63.89808572804293
62.13838774982234
60.308225268345204
58.55308417720753
56.61544712250528
54.18828117668255
51.15074301687043
48.14323426499124
45.32961923280275
42.51026929139438
39.51726619817646
37.03775787261685
34.958768784584144
33.19040126608992
31.65503479018655
30.281105032245097
29.00948606116058
27.805473846978956
26.66468422462892
25.60804139970218
24.669519437598666
23.884300337085424
23.279776269880692
22.871518811984725
22.6624784526118
22.644166064708443
22.799022856595993
23.103464432298257
23.53110881731984
24.055693525384907
24.653304342077266
25.30363726974732
83.37591687161644
82.37591687161644
81.37591687161645
80.37591687161645
79.37591687161647
78.37591687161647
77.37591687161647
76.37591687161645
75.37591687161645
74.37591687161645
73.37591687161645
72.37591687161647
71.37591687161647
70.37591687161647
69.3759168716165
68.3759168716165
67.37591687161648
66.37591687161648
65.37591687161651
64.37591687161652
63.375916871616425
61.63838774982234
59.808225268345204
58.05308417720753
56.11544712250528
53.68828117668255
50.65074301687043
47.64323426499124
44.211580325232056
41.14969659285619
38.54163771066464
36.28847698389432
34.31344597433609
32.550595686052205
30.93971635779242
29.43361907789765
28.009379737089745
26.672300379458502
25.449234516334595
24.3759168716165
23.485887929410033
22.802785722576846
22.337526196821425
22.08836283521972
22.042569778238324
22.179046783084406
22.47142445932793
22.891246201625556
23.410781668191714
24.0051198222562
24.653304342077274
83.18798737294816
82.18798737294816
81.18798737294816
80.18798737294814
79.18798737294814
78.18798737294814
77.18798737294814
76.18798737294813
75.18798737294811
74.18798737294813
73.18798737294813
72.18798737294814
71.18798737294816
70.18798737294816
69.18798737294814
68.18798737294813
67.18798737294811
66.18798737294813
65.18798737294814
64.18798737294814
63.18798737294812
62.18798737294812
61.13838774982234
59.308225268345204
57.55308417720753
55.61544712250528
53.18828117668255
49.42695905419448
45.88271022416482
42.83294793093383
40.1626684236552
37.78302120101442
35.62943707422864
33.64942915469587
31.79795445081881
30.04446487877199
28.382236007080003
26.82964403763893
25.421657681198663
24.196966886420267
23.187987372948136
22.414695469360367
21.883187493709304
21.586711459199126
21.507935627066217
21.62185254891474
21.89898796441852
22.308555697265312
22.821168646649372
23.41078166819172
24.055693525384907
83.01412692568748
82.01412692568748
81.0141269256875
80.0141269256875
79.01412692568752
78.01412692568752
77.01412692568752
76.01412692568755
75.01412692568755
74.01412692568755
73.01412692568753
72.01412692568755
71.01412692568755
70.01412692568756
69.01412692568759
68.01412692568759
67.0141269256876
66.01412692568759
65.01412692568758
64.01412692568746
63.01412692568746
62.01412692568746
61.01412692568746
60.01412692568746
58.808225268345204
57.05308417720753
54.7381783587119
50.81729025082138
47.44627665718853
44.49426049484019
41.840426325204504
39.39768027129581
37.10920546242474
34.93577369063408
32.850770197998976
30.845298508691712
28.93379711442828
27.15153376469967
25.544025773211374
24.154250754943398
23.01412692568747
22.140184094791145
21.5336737013086
21.182674557176703
21.065019631462587
21.151555370513005
21.409492079714212
21.80554761343161
22.30855569726533
22.891246201625552
23.53110881731982
82.99230615239706
81.99230615239706
80.99230615239706
79.99230615239708
78.99230615239708
77.99230615239708
76.99230615239708
75.99230615239705
74.99230615239705
73.99230615239705
72.99230615239705
71.99230615239705
70.99230615239703
69.99230615239705
68.99230615239703
67.99230615239703
66.99230615239703
65.99230615239703
64.99230615239709
63.992306152397134
62.992306152397134
61.992306152397134
60.992306152397134
59.992306152397134
58.992306152397134
57.992306152397134
55.640362438862994
51.985198770647074
48.846619311400005
46.068636507070266
43.51189529246021
41.0790394814432
38.71257141861448
36.38330113667687
34.08462821773402
31.83367902104993
29.670915495916557
27.652394343324765
25.836728711785653
24.272637294537127
22.992306152397123
22.009195677973292
21.319869607700753
20.907269303732022
20.744362069743854
20.79780103512238
21.031444117746485
21.4094920797142
21.89898796441855
22.471424459327906
23.103464432298253
83.05703686001851
82.0570368600185
81.0570368600185
80.05703686001848
79.05703686001851
78.05703686001851
77.0570368600185
76.05703686001851
75.05703686001851
74.05703686001851
73.05703686001851
72.05703686001851
71.05703686001851
70.05703686001851
69.05703686001856
68.05703686001856
67.05703686001851
66.05703686001851
65.05703686001858
64.05703686001851
63.05703686001852
62.05703686001852
61.05703686001852
60.05703686001852
59.05703686001852
58.05703686001852
56.34497400087161
52.94855125409939
50.067601892080134
47.516128184463064
45.12547482796505
42.774754860801565
40.39429596707973
37.95835913546867
35.479179706945565
33.002381323960144
30.59818901672495
28.34680041486163
26.32230364355735
24.58066039588752
23.155246163014723
22.05703686001851
21.27830264329937
20.797136264224683
20.581875937915893
20.595195297830255
20.797801035122376
21.15155537051302
21.62185254891474
22.179046783084416
22.799022856595997
83.32376050717825
82.32376050717822
81.32376050717822
80.32376050717822
79.3237605071782
78.32376050717822
77.32376050717822
76.32376050717824
75.32376050717824
74.32376050717825
73.32376050717825
72.32376050717826
71.32376050717826
70.32376050717828
69.32376050717826
68.32376050717828
67.32376050717826
66.32376050717825
65.32376050717828
64.32376050717829
63.323760507178356
62.323760507178356
61.323760507178356
60.323760507178356
59.323760507178356
58.323760507178356
56.95512540374245
53.7776823445244
51.142520311459
48.836309247121754
46.65603807350749
44.44653083223708
42.11391367528606
39.626774205127354
37.01169210031516
34.34216758360791
31.719627402992685
29.250397306868685
27.02582336629368
25.110500570375226
23.5400442566557
22.32376050717835
21.450295397059207
20.893486646330512
20.6176031398848
20.58187593791589
20.744362069743847
21.065019631462583
21.507935627066203
22.042569778238303
22.64416606470844
83.8527245885208
82.85272458852083
81.8527245885208
80.8527245885208
79.85272458852081
78.85272458852081
77.85272458852083
76.85272458852084
75.85272458852083
74.85272458852083
73.85272458852083
72.85272458852083
71.85272458852081
70.85272458852081
69.85272458852081
68.85272458852081
67.85272458852083
66.85272458852084
65.85272458852087
64.8527245885209
63.852724588520886
62.852724588520886
61.852724588520886
60.852724588520886
59.852724588520886
58.852724588520886
57.59790184656656
54.58150216088413
52.15049895614575
50.07341683088742
48.11544712250528
46.08248950360735
43.84739173521422
41.36346738778791
38.66425153821192
35.84674985496997
33.04175443267932
30.38153900203427
27.975410182494233
25.89764771621095
24.187201175545752
22.85272458852078
21.88018130468958
21.240064922162464
20.89348664633051
20.797136264224697
20.907269303732022
21.182674557176718
21.586711459199126
22.088362835219698
22.66247845261179
84.61253717529945
83.61253717529947
82.61253717529945
81.61253717529945
80.61253717529942
79.61253717529944
78.61253717529944
77.61253717529944
76.61253717529944
75.61253717529944
74.61253717529944
73.61253717529945
72.61253717529944
71.61253717529944
70.61253717529944
69.61253717529944
68.61253717529942
67.61253717529942
66.61253717529941
65.61253717529942
64.61253717529941
63.6125371752994
62.6125371752994
61.6125371752994
60.6125371752994
59.6125371752994
58.39709440076511
55.48258867017007
53.198895350367735
51.308225268345204
49.55308417720753
47.70364167381171
45.59633222808876
43.16173780120271
40.431482318772204
37.51826484183171
34.57683455834832
31.76261190130925
29.202100051408017
26.979708193739874
25.138687596693217
23.6881541915907
22.612537175299554
21.880181304689582
21.450295397059204
21.278302643299373
21.319869607700753
21.53367370130861
21.883187493709283
22.33752619682142
22.871518811984725
85.68815419159057
84.68815419159057
83.68815419159058
82.68815419159058
81.6881541915906
80.6881541915906
79.68815419159061
78.68815419159061
77.68815419159063
76.68815419159063
75.68815419159064
74.68815419159064
73.68815419159063
72.68815419159063
71.68815419159063
70.68815419159063
69.68815419159064
68.68815419159063
67.68815419159063
66.68815419159064
65.68815419159063
64.68815419159067
63.68815419159067
62.68815419159067
61.68815419159067
60.68815419159067
59.45204726814969
56.59128760735617
54.39808572804293
52.63838774982234
51.04423980413585
49.359997983163666
47.389513025830404
45.03733273351759
42.32473813641656
39.37015039001204
36.34391377543246
33.41932287583648
30.737743281599023
28.39334555590236
26.4343014419146
24.871204200655267
23.688154191590673
22.852724588520775
22.323760507178342
22.057036860018513
22.00919567797327
22.14018409479111
22.414695469360364
22.802785722576825
23.279776269880664
87.1386875966932
86.13868759669319
85.1386875966932
84.1386875966932
83.1386875966932
82.1386875966932
81.1386875966932
80.13868759669322
79.13868759669325
78.13868759669323
77.13868759669323
76.13868759669325
75.13868759669325
74.13868759669323
73.13868759669323
72.13868759669327
71.13868759669326
70.13868759669326
69.13868759669325
68.13868759669325
67.13868759669326
66.13868759669327
65.13868759669326
64.13868759669322
63.13868759669321
62.13868759669321
60.82715299865781
57.98695053470112
55.83727555807749
54.15354103005272
52.66885337644903
51.11514877455162
49.27307002349757
47.02247649782763
44.36793837310245
41.42327778099852
38.36447941559674
35.37569938986087
32.609478561429995
30.168478452117263
28.10583878721364
26.434301441914595
25.13868759669321
24.18720117554573
23.540044256655733
23.155246163014713
22.992306152397116
23.014126925687464
23.187987372948133
23.485887929410023
23.884300337085406
88.89764771621095
87.89764771621097
86.89764771621095
85.897647716211
84.897647716211
83.89764771621103
82.89764771621101
81.89764771621101
80.89764771621103
79.89764771621101
78.897647716211
77.89764771621098
76.897647716211
75.89764771621098
74.89764771621098
73.89764771621098
72.897647716211
71.89764771621095
70.89764771621095
69.89764771621095
68.89764771621095
67.89764771621097
66.89764771621097
65.89764771621097
64.89764771621095
63.897647716210884
62.55135407180187
59.710349852708994
57.56902454479838
55.9139206631995
54.48778209934627
53.02346166611758
51.29041966967309
49.14880647301136
46.58295940569301
43.693065713997655
40.65074301687043
37.64323426499124
34.82961923280275
32.31889693665876
30.16847845211727
28.393345555902364
26.979708193739878
25.89764771621094
25.11050057037524
24.580660395887517
24.272637294537116
24.154250754943405
24.196966886420256
24.375916871616493
24.66951943759867
90.97541018249422
89.97541018249419
88.97541018249417
87.97541018249417
86.97541018249417
85.97541018249417
84.97541018249417
83.97541018249416
82.97541018249416
81.97541018249417
80.97541018249417
79.97541018249419
78.97541018249417
77.97541018249419
76.97541018249419
75.97541018249419
74.9754101824942
73.9754101824942
72.97541018249419
71.97541018249419
70.97541018249419
69.97541018249419
68.97541018249419
67.97541018249419
66.97541018249417
65.97541018249417
64.62286946582122
61.76539252259526
59.60503156586389
57.93897858713116
56.52512984512188
55.108391718100165
53.459060813944774
51.42459878206978
48.96838855360008
46.170179170176986
43.18828117668255
40.205284702624496
37.38160458860554
34.82961923280276
32.60947856142997
30.737743281599048
29.202100051407992
27.975410182494215
27.025823366293707
26.322303643557355
25.836728711785643
25.54402577321137
25.421657681198685
25.449234516334588
25.608041399702174
93.25039730686859
92.25039730686863
91.25039730686862
90.2503973068686
89.25039730686859
88.25039730686859
87.25039730686859
86.25039730686858
85.25039730686859
84.25039730686859
83.25039730686858
82.25039730686859
81.25039730686859
80.25039730686859
79.2503973068686
78.25039730686859
77.25039730686858
76.25039730686859
75.25039730686859
74.25039730686859
73.25039730686856
72.25039730686856
71.25039730686856
70.25039730686856
69.25039730686856
68.25039730686856
67.01444560112996
64.12536416206883
61.92085775364253
60.20788772134073
58.76293708432571
57.35147321383919
55.75534415262752
53.81726993173979
51.481420117922674
48.802858220019
45.91926614593947
43.00132884672113
40.20528470262451
37.6432342649913
35.375699389860834
33.41932287583647
31.76261190130923
30.381539002034287
29.25039730686867
28.34680041486162
27.652394343324758
27.151533764699668
26.829644037638925
26.672300379458516
26.66468422462894
95.59818901672497
94.59818901672497
93.59818901672496
92.59818901672499
91.598189016725
90.598189016725
89.598189016725
88.59818901672499
87.598189016725
86.59818901672499
85.59818901672499
84.59818901672499
83.598189016725
82.59818901672499
81.59818901672499
80.598189016725
79.59818901672502
78.59818901672502
77.59818901672502
76.59818901672502
75.59818901672502
74.59818901672502
73.59818901672499
72.59818901672499
71.598189016725
70.59818901672499
69.59818901672493
66.73910541700339
64.46490816457118
62.66945655246937
61.14979982136425
59.698105152243315
58.11696543145492
56.252884694715135
54.034933687442056
51.49205738239913
48.73603291201107
45.91926614593947
43.188281176682565
40.650743016870415
38.3644794155968
36.343913775432426
34.57683455834834
33.041754432679284
31.719627402992675
30.598189016724945
29.67091549591656
28.93379711442829
28.38223600707999
28.009379737089745
27.80547384697896
97.83367902104996
96.83367902104996
95.83367902104996
94.83367902104996
93.83367902104997
92.83367902104997
91.83367902104997
90.83367902104997
89.83367902104996
88.83367902104995
87.83367902104995
86.83367902104995
85.83367902104996
84.83367902104996
83.83367902104996
82.83367902104996
81.83367902104996
80.83367902104996
79.83367902104997
78.83367902104999
77.83367902104999
76.83367902104999
75.83367902104999
74.83367902104999
73.83367902104996
72.83367902104995
71.83367902104995
69.53241204585555
67.16526928081396
65.25441719619234
63.61752362883833
62.07690355033424
60.46323937349047
58.63571422989774
56.51498105290639
54.10591516849487
51.492057382399125
48.80285822001899
46.17017917017702
43.6930657139976
41.42327778099849
39.37015039001206
37.51826484183168
35.84674985496998
34.34216758360791
33.00238132396011
31.833679021049946
30.845298508691712
30.044464878772
29.433619077897628
29.00948606116059
99.79795445081879
98.79795445081879
97.79795445081879
96.79795445081879
95.79795445081879
94.79795445081878
93.79795445081876
92.79795445081876
91.79795445081878
90.79795445081878
89.79795445081878
88.79795445081879
87.79795445081879
86.79795445081879
85.79795445081878
84.79795445081878
83.79795445081879
82.7979544508188
81.7979544508188
80.7979544508188
79.79795445081882
78.79795445081882
77.7979544508188
76.79795445081879
75.79795445081879
74.7979544508188
73.7979544508188
72.40733825704662
69.93441667201132
67.8868448282391
66.0997753138662
64.42516711480492
62.726076384265916
60.88277518652699
58.8166858589274
56.51498105290634
54.034933687442035
51.48142011792267
48.96838855360007
46.58295940569301
44.36793837310244
42.324738136416585
40.43148231877221
38.66425153821187
37.01169210031522
35.47917970694551
34.084628217734036
32.850770197998926
31.797954450818796
30.93971635779245
30.2811050322451
101.55059568605219
100.55059568605219
99.55059568605219
98.55059568605219
97.55059568605219
96.55059568605219
95.55059568605213
94.55059568605216
93.55059568605216
92.55059568605216
91.55059568605213
90.55059568605213
89.55059568605213
88.5505956860521
87.55059568605213
86.55059568605216
85.55059568605216
84.55059568605213
83.55059568605213
82.55059568605216
81.55059568605216
80.55059568605213
79.55059568605215
78.55059568605215
77.55059568605215
76.55059568605215
75.55059568605215
74.55059568605215
72.67341105353037
70.49157577330593
68.54414401064794
66.70692532053157
64.87494871137432
62.955919357858654
60.88277518652694
58.635714229897744
56.25288469471511
53.81726993173978
51.424598782069765
49.14880647301137
47.0224764978276
45.03733273351757
43.161737801202754
41.36346738778791
39.62677420512738
37.95835913546864
36.383301136676884
34.935773690634115
33.64942915469586
32.550595686052205
31.65503479018655
103.19040126608984
102.19040126608984
101.19040126608984
100.19040126608984
99.19040126608984
98.19040126608984
97.19040126608984
96.19040126608981
95.19040126608981
94.19040126608981
93.19040126608981
92.19040126608981
91.19040126608981
90.19040126608981
89.19040126608981
88.19040126608981
87.19040126608984
86.19040126608984
85.19040126608984
84.19040126608984
83.19040126608984
82.19040126608984
81.19040126608984
80.19040126608984
79.19040126608986
78.19040126608986
77.19040126608988
76.19040126608988
75.19040126608986
73.00030247576296
70.91536362721816
68.915930402409
66.92317139721646
64.87494871137437
62.72607638426587
60.46323937349043
58.11696543145493
55.7553441526275
53.459060813944774
51.290419669673064
49.27307002349759
47.38951302583037
45.59633222808877
43.84739173521418
42.11391367528607
40.39429596707969
38.71257141861448
37.10920546242473
35.62943707422868
34.31344597433612
33.1904012660899
104.95876878458417
103.95876878458417
102.95876878458417
101.95876878458417
100.95876878458417
99.95876878458417
98.95876878458417
97.95876878458414
96.95876878458417
95.9587687845842
94.9587687845842
93.95876878458417
92.95876878458417
91.95876878458417
90.95876878458417
89.95876878458417
88.95876878458417
87.95876878458417
86.95876878458417
85.95876878458418
84.9587687845842
83.95648901951294
82.9540039660625
81.95151891261204
80.94903385916162
79.94654880571115
78.94406375226069
77.94157869881025
76.93909364535979
75.36342919885207
73.19598983587174
71.0677945677322
68.91593040240899
66.70692532053145
64.42516711480499
62.076903550334265
59.698105152243336
57.35147321383916
55.1083917181002
53.023461666117605
51.115148774551635
49.359997983163666
47.70364167381175
46.08248950360732
44.44653083223707
42.77475486080152
41.07903948144317
39.3976802712958
37.78302120101443
36.288476983894334
34.958768784584194
106.88634705562002
105.88386200216956
104.88137694871911
103.87889189526867
102.87640684181821
101.87392178836775
100.87143673491731
99.86895168146685
98.86646662801634
97.8639815745659
96.86149652111544
95.859011467665
94.85652641421451
93.85404136076406
92.85155630731361
91.84907125386316
90.84658620041273
89.84410114696229
88.84161609351183
87.83913104006137
86.83664598661093
85.83416093316045
84.83167587970999
83.82919082625955
82.82670577280909
81.82422071935864
80.8217356659082
79.81925061245774
78.8167655590073
77.57379190885133
75.39579456350104
73.19598983587173
70.91536362721823
68.54414401064793
66.09977531386626
63.61752362883831
61.149799821364226
58.762937084325706
56.52512984512187
54.48778209934628
52.66885337644903
51.04423980413579
49.55308417720755
48.11544712250524
46.656038073507496
45.125474827965085
43.51189529246024
41.840426325204454
40.1626684236552
38.54163771066461
37.03775787261684
109.19195003174542
108.18946497829498
107.18697992484452
106.18449487139407
105.18200981794362
104.17952476449317
103.17703971104272
102.17455465759227
101.17206960414184
100.1695845506914
99.16709949724094
98.16461444379046
97.16212939034004
96.15964433688958
95.15715928343913
94.15467422998869
93.15218917653826
92.14970412308777
91.14721906963733
90.14473401618687
89.14224896273642
88.13976390928597
87.13727885583552
86.13479380238508
85.13230874893465
84.12982369548419
83.12733864203375
82.12485358858326
81.12236853513284
79.6973015748069
77.57379190885129
75.36342919885197
73.000302475763
70.49157577330595
67.88684482823906
65.25441719619228
62.66945655246936
60.20788772134077
57.93897858713118
55.9139206631995
54.15354103005272
52.63838774982232
51.308225268345254
50.07341683088744
48.83630924712175
47.516128184463035
46.068636507070224
44.49426049484024
42.832947930933805
41.14969659285622
39.517266198176436
112.05279161959469
111.05030656614424
110.04782151269379
109.04533645924334
108.04285140579289
107.04036635234243
106.03788129889199
105.03539624544153
104.0329111919911
103.03042613854069
102.02794108509023
101.02545603163978
100.02297097818936
99.0204859247389
98.01800087128845
97.01551581783801
96.01303076438755
95.01054571093712
94.00806065748668
93.00557560403622
92.00309055058578
91.00060549713533
89.99812044368487
88.9956353902344
87.99315033678397
86.99066528333351
85.98818022988307
84.98569517643261
83.96621059267537
81.12236853513286
78.8167655590074
76.9390936453598
75.19040126608981
72.6734110535304
69.93441667201125
67.16526928081387
64.46490816457117
61.92085775364253
59.60503156586384
57.569024544798395
55.83727555807749
54.39808572804291
53.1988953503677
52.15049895614568
51.14252031145902
50.06760189208016
48.84661931140002
47.44627665718852
45.88271022416487
44.21158032523206
42.510269291394394
115.61659282304814
114.61410776959768
113.61162271614724
112.60913766269678
111.60665260924632
110.60416755579588
109.60168250234543
108.59919744889497
107.59671239544453
106.59422734199407
105.59174228854363
104.58925723509317
103.58677218164271
102.58428712819227
101.58180207474182
100.57931702129139
99.57683196784095
98.57434691439049
97.57186186094003
96.56937680748959
95.56689175403913
94.56440670058868
93.56192164713823
92.5594365936878
91.55695154023736
90.55446648678692
89.55059568605216
88.29795445081876
84.98569517643259
82.12485358858333
79.81925061245784
77.94157869881026
76.19040126608981
74.5505956860522
72.40733825704659
69.53241204585552
66.73910541700337
64.12536416206892
61.76539252259526
59.710349852708966
57.98695053470114
56.591287607356136
55.48258867017007
54.58150216088411
53.77768234452438
52.94855125409936
51.985198770647045
50.817290250821394
49.426959054194484
47.6432342649913
45.32961923280276
120.01705770638195
119.01457265293149
118.01208759948105
117.00960254603059
116.00711749258014
115.0046324391297
114.00214738567924
112.99966233222878
111.99717727877835
110.9946922253279
109.99220717187742
108.98972211842698
107.98723706497653
106.98475201152607
105.98226695807561
104.97978190462516
103.9772968511747
102.97481179772424
101.9723267442738
100.96984169082334
99.9673566373729
98.96487158392245
97.962386530472
95.64224896273642
93.83664598661093
92.4587687845842
91.19040126608982
89.55059568605223
85.98818022988304
83.12733864203378
80.8217356659083
78.9440637522607
77.19040126608981
75.5505956860522
73.79795445081878
71.83367902104995
69.59818901672482
67.01444560112999
64.6228694658211
62.55135407180187
60.827152998657816
59.45204726814971
58.39709440076517
57.59790184656654
56.95512540374243
56.34497400087164
55.64036243886299
54.73817835871188
53.188281176682565
50.650743016870415
48.1432342649913
121.6125371752994
120.6125371752994
119.6125371752994
118.6125371752994
117.6125371752994
116.6125371752994
115.6125371752994
114.6125371752994
113.6125371752994
112.6125371752994
111.61253717529941
110.61253717529941
109.61253717529941
108.61253717529941
107.61253717529941
106.61253717529941
105.61253717529941
104.61253717529941
103.61253717529941
102.61253717529941
101.61253717529941
100.61253717529941
99.61253717529941
98.50309055058578
96.14224896273642
94.33664598661093
92.45876878458414
90.55446648678692
86.99066528333348
84.12982369548422
81.82422071935875
79.94654880571116
78.19040126608984
76.55059568605222
74.79795445081879
72.83367902104995
70.59818901672482
68.25039730686869
65.97541018249423
63.89764771621088
62.138687596693224
60.68815419159067
59.6125371752994
58.852724588520886
58.32376050717835
58.05703686001853
57.99230615239713
57.05308417720755
55.61544712250524
53.688281176682565
51.150743016870415
122.6125371752994
121.6125371752994
120.6125371752994
119.6125371752994
118.6125371752994
117.6125371752994
116.6125371752994
115.6125371752994
114.6125371752994
113.6125371752994
112.6125371752994
111.61253717529941
110.61253717529941
109.61253717529941
108.61253717529941
107.61253717529941
106.61253717529941
105.61253717529941
104.61253717529941
103.61253717529941
102.61253717529941
101.61253717529941
100.61253717529941
99.61253717529941
98.61253717529941
96.14224896273645
93.83664598661102
91.55695154023736
87.99315033678394
85.13230874893468
82.8267057728092
80.9490338591616
79.19040126608984
77.55059568605222
75.79795445081879
73.83367902104996
71.59818901672482
69.25039730686869
66.97541018249423
64.89764771621101
63.138687596693224
61.68815419159067
60.6125371752994
59.852724588520886
59.32376050717835
59.05703686001853
58.99230615239713
58.808225268345254
57.55308417720755
56.11544712250524
54.188281176682565
123.6125371752994
122.6125371752994
121.6125371752994
120.6125371752994
119.6125371752994
118.6125371752994
117.6125371752994
116.6125371752994
115.6125371752994
114.6125371752994
113.6125371752994
112.6125371752994
111.61253717529941
110.61253717529941
109.61253717529941
108.61253717529941
107.61253717529941
106.61253717529941
105.61253717529941
104.61253717529941
103.61253717529941
102.61253717529941
101.61253717529941
100.61253717529941
99.61253717529941
98.50309055058572
95.64224896273645
92.55943659368782
88.99563539023437
86.13479380238513
83.82919082625966
81.95151891261206
80.19040126608982
78.55059568605223
76.79795445081878
74.83367902104996
72.59818901672482
70.2503973068687
67.9754101824942
65.89764771621101
64.13868759669325
62.68815419159067
61.6125371752994
60.852724588520886
60.32376050717835
60.05703686001853
59.99230615239713
60.01412692568745
59.308225268345254
58.05308417720755
56.61544712250524
124.6125371752994
123.6125371752994
122.6125371752994
121.6125371752994
120.6125371752994
119.6125371752994
118.6125371752994
117.6125371752994
116.6125371752994
115.6125371752994
114.6125371752994
113.6125371752994
112.6125371752994
111.61253717529941
110.61253717529941
109.61253717529941
108.61253717529941
107.61253717529941
106.61253717529941
105.61253717529941
104.61253717529941
103.61253717529941
102.61253717529941
101.61253717529941
100.61253717529941
99.61253717529941
97.96238653047199
93.56192164713828
89.99812044368481
87.13727885583555
84.8316758797101
82.95400396606252
81.19040126608982
79.55059568605223
77.79795445081878
75.83367902104996
73.59818901672483
71.2503973068687
68.97541018249422
66.89764771621101
65.13868759669323
63.68815419159067
62.6125371752994
61.852724588520886
61.32376050717835
61.05703686001853
60.99230615239713
61.01412692568745
61.13838774982232
59.808225268345254
58.55308417720755
125.6125371752994
124.6125371752994
123.6125371752994
122.6125371752994
121.6125371752994
120.6125371752994
119.6125371752994
118.6125371752994
117.6125371752994
116.6125371752994
115.6125371752994
114.6125371752994
113.6125371752994
112.6125371752994
111.61253717529941
110.61253717529941
109.61253717529941
108.61253717529941
107.61253717529941
106.61253717529941
105.61253717529941
104.61253717529941
103.61253717529941
102.61253717529941
101.61253717529941
100.61253717529941
98.96487158392243
94.56440670058872
91.0006054971353
88.139763909286
85.83416093316056
83.95648901951296
82.19040126608982
80.55059568605223
78.79795445081876
76.83367902104996
74.59818901672483
72.25039730686869
69.97541018249422
67.89764771621101
66.13868759669325
64.6881541915906
63.6125371752994
62.852724588520886
62.32376050717835
62.05703686001853
61.99230615239713
62.01412692568745
62.18798737294813
61.63838774982232
60.308225268345254
126.6125371752994
125.6125371752994
124.6125371752994
123.6125371752994
122.6125371752994
121.6125371752994
120.6125371752994
119.6125371752994
118.6125371752994
117.6125371752994
116.6125371752994
115.6125371752994
114.6125371752994
113.6125371752994
112.6125371752994
111.61253717529941
110.61253717529941
109.61253717529941
108.61253717529941
107.61253717529941
106.61253717529941
105.61253717529941
104.61253717529941
103.61253717529941
102.61253717529941
101.61253717529941
99.96735663737289
95.56689175403918
92.00309055058572
89.14224896273645
86.83664598661102
84.95876878458414
83.19040126608982
81.55059568605223
79.79795445081876
77.83367902104997
75.59818901672483
73.25039730686869
70.97541018249422
68.89764771621101
67.13868759669325
65.68815419159061
64.61253717529941
63.852724588520886
63.32376050717835
63.05703686001853
62.99230615239713
63.01412692568745
63.18798737294813
63.37591687161644
62.13838774982232
127.6125371752994
126.6125371752994
125.6125371752994
124.6125371752994
123.6125371752994
122.6125371752994
121.6125371752994
120.6125371752994
119.6125371752994
118.6125371752994
117.6125371752994
116.6125371752994
115.6125371752994
114.6125371752994
113.6125371752994
112.6125371752994
111.61253717529941
110.61253717529941
109.61253717529941
108.61253717529941
107.61253717529941
106.61253717529941
105.61253717529941
104.61253717529941
103.61253717529941
102.61253717529941
100.96984169082334
96.5693768074896
93.00557560403617
90.14473401618693
87.83913104006146
85.95876878458414
84.19040126608982
82.55059568605223
80.79795445081876
78.83367902104997
76.59818901672483
74.25039730686869
71.9754101824942
69.89764771621101
68.13868759669323
66.68815419159061
65.61253717529942
64.85272458852081
64.32376050717833
64.0570368600185
63.99230615239713
64.01412692568746
64.1879873729482
64.37591687161645
63.89808572804291
128.6125371752992
127.6125371752994
126.6125371752994
125.6125371752994
124.6125371752994
123.6125371752994
122.6125371752994
121.6125371752994
120.6125371752994
119.6125371752994
118.6125371752994
117.6125371752994
116.6125371752994
115.6125371752994
114.6125371752994
113.6125371752994
112.6125371752994
111.61253717529941
110.61253717529941
109.61253717529941
108.61253717529941
107.61253717529941
106.61253717529941
105.61253717529941
104.61253717529941
103.61253717529941
101.97232674427379
97.57186186094005
94.00806065748662
91.14721906963736
88.84161609351192
86.95876878458414
85.19040126608982
83.5505956860522
81.79795445081876
79.83367902104997
77.59818901672479
75.25039730686869
72.97541018249419
70.897647716211
69.13868759669322
67.6881541915906
66.61253717529941
65.8527245885208
65.32376050717836
65.0570368600185
64.9923061523971
65.01412692568752
65.18798737294816
65.37591687161651
65.60804139970226
129.6125371752992
128.6125371752992
127.6125371752994
126.6125371752994
125.6125371752994
124.6125371752994
123.6125371752994
122.6125371752994
121.6125371752994
120.6125371752994
119.6125371752994
118.6125371752994
117.6125371752994
116.6125371752994
115.6125371752994
114.6125371752994
113.6125371752994
112.6125371752994
111.61253717529941
110.61253717529941
109.61253717529941
108.61253717529941
107.61253717529941
106.61253717529941
105.61253717529941
104.61253717529941
102.97481179772424
98.5743469143905
95.01054571093707
92.1497041230878
89.84410114696237
87.95876878458414
86.19040126608982
84.5505956860522
82.79795445081879
80.83367902104995
78.59818901672479
76.25039730686869
73.97541018249419
71.89764771621101
70.1386875966932
68.68815419159057
67.61253717529942
66.8527245885208
66.32376050717836
66.05703686001847
65.9923061523971
66.01412692568748
66.18798737294813
66.3759168716165
66.60804139970224
130.6125371752992
129.6125371752992
128.6125371752992
127.6125371752994
126.6125371752994
125.6125371752994
124.6125371752994
123.6125371752994
122.6125371752994
121.6125371752994
120.6125371752994
119.6125371752994
118.6125371752994
117.6125371752994
116.6125371752994
115.6125371752994
114.6125371752994
113.6125371752994
112.6125371752994
111.61253717529941
110.61253717529941
109.61253717529941
108.61253717529941
107.61253717529941
106.61253717529941
105.61253717529941
103.97729685117469
99.57683196784096
96.0130307643875
93.15218917653826
90.84658620041283
88.95876878458414
87.19040126608982
85.5505956860522
83.79795445081878
81.83367902104995
79.59818901672479
77.25039730686868
74.97541018249419
72.897647716211
71.13868759669319
69.68815419159058
68.61253717529942
67.85272458852079
67.32376050717833
67.05703686001847
66.99230615239709
67.01412692568748
67.18798737294814
67.37591687161652
67.6080413997022
131.6125371752992
130.6125371752992
129.6125371752992
128.6125371752992
127.6125371752994
126.6125371752994
125.6125371752994
124.6125371752994
123.6125371752994
122.6125371752994
121.6125371752994
120.6125371752994
119.6125371752994
118.6125371752994
117.6125371752994
116.6125371752994
115.6125371752994
114.6125371752994
113.6125371752994
112.6125371752994
111.61253717529941
110.61253717529941
109.61253717529941
108.61253717529941
107.61253717529941
106.61253717529941
104.97978190462514
100.5793170212914
97.01551581783798
94.15467422998869
91.84907125386329
89.95876878458414
88.19040126608982
86.5505956860522
84.79795445081878
82.83367902104996
80.59818901672477
78.25039730686869
75.9754101824942
73.89764771621101
72.13868759669322
70.68815419159057
69.61253717529944
68.85272458852081
68.32376050717832
68.05703686001848
67.99230615239709
68.01412692568748
68.18798737294816
68.37591687161654
68.60804139970219
132.61253717529914
131.6125371752992
130.6125371752992
129.6125371752992
128.6125371752992
127.6125371752994
126.6125371752994
125.6125371752994
124.6125371752994
123.6125371752994
122.6125371752994
121.6125371752994
120.6125371752994
119.6125371752994
118.6125371752994
117.6125371752994
116.6125371752994
115.6125371752994
114.6125371752994
113.6125371752994
112.6125371752994
111.61253717529941
110.61253717529941
109.61253717529941
108.61253717529941
107.61253717529941
105.9822669580756
101.58180207474186
98.0180008712884
95.15715928343913
92.85155630731374
90.95876878458411
89.19040126608982
87.5505956860522
85.79795445081879
83.83367902104995
81.59818901672479
79.25039730686868
76.97541018249419
74.89764771621101
73.13868759669322
71.68815419159058
70.61253717529944
69.85272458852081
69.32376050717828
69.05703686001853
68.99230615239713
69.01412692568748
69.18798737294814
69.37591687161655
69.60804139970219
133.61253717529914
132.61253717529914
131.6125371752992
130.6125371752992
129.6125371752992
128.6125371752992
127.6125371752994
126.6125371752994
125.6125371752994
124.6125371752994
123.6125371752994
122.6125371752994
121.6125371752994
120.6125371752994
119.6125371752994
118.6125371752994
117.6125371752994
116.6125371752994
115.6125371752994
114.6125371752994
113.6125371752994
112.6125371752994
111.61253717529941
110.61253717529941
109.61253717529941
108.61253717529941
106.98475201152604
102.58428712819229
99.02048592473885
96.15964433688958
93.85404136076419
91.95876878458411
90.19040126608982
88.55059568605223
86.79795445081879
84.83367902104996
82.5981890167248
80.25039730686866
77.97541018249419
75.89764771621103
74.13868759669322
72.68815419159057
71.61253717529944
70.85272458852083
70.32376050717828
70.05703686001853
69.99230615239713
70.01412692568748
70.18798737294813
70.37591687161655
70.6080413997022
134.61253717529914
133.61253717529914
132.61253717529914
131.6125371752992
130.6125371752992
129.6125371752992
128.6125371752992
127.6125371752994
126.6125371752994
125.6125371752994
124.6125371752994
123.6125371752994
122.6125371752994
121.6125371752994
120.6125371752994
119.6125371752994
118.6125371752994
117.6125371752994
116.6125371752994
115.6125371752994
114.6125371752994
113.6125371752994
112.6125371752994
111.61253717529941
110.61253717529941
109.61253717529941
107.98723706497651
103.58677218164273
100.02297097818933
97.16212939034004
94.85652641421464
92.95876878458411
91.19040126608982
89.55059568605223
87.79795445081876
85.83367902104995
83.59818901672479
81.25039730686865
78.9754101824942
76.89764771621103
75.1386875966932
73.68815419159057
72.61253717529944
71.8527245885208
71.32376050717829
71.05703686001854
70.99230615239713
71.01412692568745
71.18798737294813
71.37591687161658
71.60804139970219
135.61253717529917
134.61253717529914
133.61253717529914
132.61253717529914
131.6125371752992
130.6125371752992
129.6125371752992
128.6125371752992
127.6125371752994
126.6125371752994
125.6125371752994
124.6125371752994
123.6125371752994
122.6125371752994
121.6125371752994
120.6125371752994
119.6125371752994
118.6125371752994
117.6125371752994
116.6125371752994
115.6125371752994
114.6125371752994
113.6125371752994
112.6125371752994
111.61253717529941
110.61253717529941
108.98972211842697
104.58925723509319
101.02545603163978
98.16461444379048
95.8590114676651
93.95876878458411
92.19040126608982
90.55059568605223
88.79795445081876
86.83367902104995
84.59818901672479
82.25039730686865
79.9754101824942
77.89764771621103
76.13868759669319
74.68815419159056
73.61253717529945
72.8527245885208
72.32376050717828
72.05703686001854
71.99230615239713
72.01412692568744
72.18798737294813
72.37591687161657
72.60804139970217
136.61253717529917
135.61253717529917
134.61253717529914
133.61253717529914
132.61253717529914
131.6125371752992
130.6125371752992
129.6125371752992
128.6125371752992
127.6125371752994
126.6125371752994
125.6125371752994
124.6125371752994
123.6125371752994
122.6125371752994
121.6125371752994
120.6125371752994
119.6125371752994
118.6125371752994
117.6125371752994
116.6125371752994
115.6125371752994
114.6125371752994
113.6125371752994
112.6125371752994
111.61253717529941
109.99220717187741
105.59174228854364
102.02794108509023
99.16709949724094
96.86149652111554
94.95876878458414
93.1904012660898
91.55059568605223
89.79795445081876
87.83367902104993
85.59818901672477
83.25039730686865
80.97541018249419
78.89764771621103
77.1386875966932
75.68815419159054
74.61253717529944
73.8527245885208
73.32376050717826
73.05703686001856
72.99230615239712
73.01412692568745
73.18798737294813
73.37591687161657
73.60804139970217
137.61253717529917
136.61253717529917
135.61253717529917
134.61253717529914
133.61253717529914
132.61253717529914
131.6125371752992
130.6125371752992
129.6125371752992
128.6125371752992
127.6125371752994
126.6125371752994
125.6125371752994
124.6125371752994
123.6125371752994
122.6125371752994
121.6125371752994
120.6125371752994
119.6125371752994
118.6125371752994
117.6125371752994
116.6125371752994
115.6125371752994
114.6125371752994
113.6125371752994
112.6125371752994
110.99469222532788
106.59422734199408
103.03042613854066
100.1695845506914
97.863981574566
95.95876878458411
94.1904012660898
92.55059568605223
90.79795445081878
88.83367902104992
86.59818901672477
84.25039730686866
81.97541018249419
79.89764771621104
78.1386875966932
76.68815419159054
75.61253717529944
74.85272458852079
74.32376050717825
74.05703686001856
73.99230615239712
74.01412692568744
74.18798737294813
74.37591687161655
74.60804139970217
138.61253717529914
137.61253717529917
136.61253717529917
135.61253717529917
134.61253717529914
133.61253717529914
132.61253717529914
131.6125371752992
130.6125371752992
129.6125371752992
128.6125371752992
127.6125371752994
126.6125371752994
125.6125371752994
124.6125371752994
123.6125371752994
122.6125371752994
121.6125371752994
120.6125371752994
119.6125371752994
118.6125371752994
117.6125371752994
116.6125371752994
115.6125371752994
114.6125371752994
113.6125371752994
111.99717727877834
107.59671239544457
104.03291119199113
101.17206960414181
98.86646662801641
96.95876878458411
95.1904012660898
93.55059568605223
91.79795445081875
89.83367902104993
87.5981890167248
85.25039730686866
82.97541018249417
80.89764771621103
79.13868759669322
77.68815419159053
76.61253717529944
75.8527245885208
75.32376050717825
75.05703686001856
74.99230615239709
75.01412692568745
75.18798737294814
75.37591687161654
75.60804139970217
139.61253717529917
138.61253717529914
137.61253717529917
136.61253717529917
135.61253717529917
134.61253717529914
133.61253717529914
132.61253717529914
131.6125371752992
130.6125371752992
129.6125371752992
128.6125371752992
127.6125371752994
126.6125371752994
125.6125371752994
124.6125371752994
123.6125371752994
122.6125371752994
121.6125371752994
120.6125371752994
119.6125371752994
118.6125371752994
117.6125371752994
116.6125371752994
115.6125371752994
114.6125371752994
112.99966233222878
108.59919744889498
105.03539624544153
102.1745546575923
99.86895168146687
97.95876878458417
96.19040126608982
94.5505956860522
92.79795445081875
90.83367902104993
88.5981890167248
86.25039730686868
83.97541018249419
81.89764771621103
80.1386875966932
78.68815419159054
77.61253717529944
76.8527245885208
76.32376050717825
76.05703686001856
75.99230615239709
76.01412692568745
76.18798737294814
76.37591687161654
76.60804139970216
140.61253717529914
139.61253717529917
138.61253717529914
137.61253717529917
136.61253717529917
135.61253717529917
134.61253717529914
133.61253717529914
132.61253717529914
131.6125371752992
130.6125371752992
129.6125371752992
128.6125371752992
127.6125371752994
126.6125371752994
125.6125371752994
124.6125371752994
123.6125371752994
122.6125371752994
121.6125371752994
120.6125371752994
119.6125371752994
118.6125371752994
117.6125371752994
116.6125371752994
115.6125371752994
114.00214738567924
109.60168250234544
106.03788129889199
103.17703971104275
100.87143673491732
98.95876878458417
97.19040126608982
95.55059568605218
93.79795445081875
91.83367902104992
89.5981890167248
87.25039730686868
84.97541018249417
82.89764771621103
81.1386875966932
79.68815419159054
78.61253717529944
77.85272458852081
77.32376050717825
77.05703686001856
76.9923061523971
77.01412692568745
77.18798737294814
77.37591687161654
77.60804139970216
141.61253717529917
140.61253717529914
139.61253717529917
138.61253717529914
137.61253717529917
136.61253717529917
135.61253717529917
134.61253717529914
133.61253717529914
132.61253717529914
131.6125371752992
130.6125371752992
129.6125371752992
128.6125371752992
127.6125371752994
126.6125371752994
125.6125371752994
124.6125371752994
123.6125371752994
122.6125371752994
121.6125371752994
120.6125371752994
119.6125371752994
118.6125371752994
117.6125371752994
116.6125371752994
115.0046324391297
110.6041675557959
107.04036635234243
104.1795247644932
101.87392178836777
99.95876878458417
98.19040126608982
96.5505956860522
94.79795445081876
92.83367902104992
90.5981890167248
88.25039730686869
85.97541018249419
83.89764771621103
82.13868759669322
80.68815419159053
79.61253717529944
78.8527245885208
78.32376050717825
78.05703686001856
77.99230615239709
78.01412692568749
78.18798737294816
78.37591687161654
78.60804139970215
142.61253717529914
141.61253717529917
140.61253717529914
139.61253717529917
138.61253717529914
137.61253717529917
136.61253717529917
135.61253717529917
134.61253717529914
133.61253717529914
132.61253717529914
131.6125371752992
130.6125371752992
129.6125371752992
128.6125371752992
127.6125371752994
126.6125371752994
125.6125371752994
124.6125371752994
123.6125371752994
122.6125371752994
121.6125371752994
120.6125371752994
119.6125371752994
118.6125371752994
117.6125371752994
116.00711749258014
111.60665260924634
108.04285140579289
105.18200981794365
102.87640684181822
100.95876878458417
99.19040126608982
97.5505956860522
95.79795445081879
93.83367902104993
91.59818901672483
89.25039730686869
86.9754101824942
84.89764771621103
83.13868759669323
81.68815419159051
80.61253717529942
79.8527245885208
79.32376050717825
79.05703686001856
78.9923061523971
79.01412692568748
79.18798737294814
79.37591687161657
79.60804139970213
143.61253717529917
142.61253717529914
141.61253717529917
140.61253717529914
139.61253717529917
138.61253717529914
137.61253717529917
136.61253717529917
135.61253717529917
134.61253717529914
133.61253717529914
132.61253717529914
131.6125371752992
130.6125371752992
129.6125371752992
128.6125371752992
127.6125371752994
126.6125371752994
125.6125371752994
124.6125371752994
123.6125371752994
122.6125371752994
121.6125371752994
120.6125371752994
119.6125371752994
118.6125371752994
117.00960254603059
112.6091376626968
109.04533645924334
106.1844948713941
103.87889189526868
101.95876878458417
100.19040126608982
98.5505956860522
96.79795445081879
94.83367902104993
92.59818901672483
90.25039730686868
87.97541018249419
85.89764771621103
84.13868759669323
82.6881541915905
81.61253717529945
80.85272458852079
80.32376050717824
80.05703686001854
79.9923061523971
80.01412692568745
80.18798737294811
80.37591687161654
80.60804139970213
144.61253717529917
143.61253717529917
142.61253717529914
141.61253717529917
140.61253717529914
139.61253717529917
138.61253717529914
137.61253717529917
136.61253717529917
135.61253717529917
134.61253717529914
133.61253717529914
132.61253717529914
131.6125371752992
130.6125371752992
129.6125371752992
128.6125371752992
127.6125371752994
126.6125371752994
125.6125371752994
124.6125371752994
123.6125371752994
122.6125371752994
121.6125371752994
120.6125371752994
119.6125371752994
118.01208759948105
113.61162271614725
110.04782151269379
107.18697992484455
104.88137694871912
102.95876878458417
101.19040126608982
99.5505956860522
97.79795445081879
95.83367902104997
93.59818901672489
91.25039730686868
88.9754101824942
86.89764771621101
85.13868759669323
83.6881541915905
82.61253717529945
81.85272458852074
81.32376050717826
81.05703686001853
80.99230615239708
81.01412692568746
81.18798737294811
81.37591687161654
81.60804139970212
145.61253717529908
144.61253717529917
143.61253717529917
142.61253717529914
141.61253717529917
140.61253717529914
139.61253717529917
138.61253717529914
137.61253717529917
136.61253717529917
135.61253717529917
134.61253717529914
133.61253717529914
132.61253717529914
131.6125371752992
130.6125371752992
129.6125371752992
128.6125371752992
127.6125371752994
126.6125371752994
125.6125371752994
124.6125371752994
123.6125371752994
122.6125371752994
121.6125371752994
120.6125371752994
119.01457265293149
114.6141077695977
111.05030656614424
108.189464978295
105.88386200216958
103.95876878458417
102.19040126608982
100.5505956860522
98.79795445081879
96.83367902104997
94.59818901672497
92.25039730686865
89.97541018249419
87.89764771621101
86.13868759669323
84.6881541915905
83.61253717529947
82.85272458852076
82.32376050717825
82.05703686001854
81.99230615239705
82.01412692568748
82.1879873729481
82.37591687161652
82.60804139970212
146.61253717529908
145.61253717529908
144.61253717529917
143.61253717529917
142.61253717529914
141.61253717529917
140.61253717529914
139.61253717529917
138.61253717529914
137.61253717529917
136.61253717529917
135.61253717529917
134.61253717529914
133.61253717529914
132.61253717529914
131.6125371752992
130.6125371752992
129.6125371752992
128.6125371752992
127.6125371752994
126.6125371752994
125.6125371752994
124.6125371752994
123.6125371752994
122.6125371752994
121.6125371752994
120.01705770638195
115.61659282304815
112.05279161959469
109.19195003174545
106.88634705562004
104.95876878458417
103.19040126608982
101.5505956860522
99.79795445081879
97.83367902104997
95.59818901672497
93.25039730686859
90.97541018249417
88.89764771621098
87.13868759669325
85.68815419159051
84.61253717529945
83.85272458852077
83.32376050717824
83.05703686001851
82.99230615239705
83.01412692568748
83.18798737294811
83.37591687161651
83.60804139970213
