approximated up-to levels: 
	-20	-19	-18	-17	-16	-15	-14	-13	-12	-11	-10	-9	-8	-7	-6	-5	-4	-3	-2	-1	0	1	2	3	4	5	6	7	8	9	10	11	12	13	14	15	16	17	18	19	20	21	22	23	24	25	26	27	28	29	30	
30	56.02721333333278	56.039639999999395	56.02357333333268	56.020079999999496	56.0218133333328	56.03309333333276	56.02606666666614	56.02875999999944	56.03182666666615	56.026279999999446	56.022813333332735	56.0324266666661	56.01250666666614	56.02734666666605	56.039759999999404	56.02199999999942	56.02599999999947	56.02945333333281	56.01167999999953	56.022039999999436	56.01263999999951	56.0323199999994	56.020066666666054	56.0290799999994	34.0	35.0	36.0	37.0	38.0	39.0	40.0	41.0	42.0	43.0	44.0	45.0	46.0	47.0	48.0	49.0	50.0	51.0	52.0	53.0	54.0	55.0	56.0	57.0	58.0	59.0	60.0	
29	55.02714666666611	55.03211999999938	55.02070666666609	55.02158666666614	55.03722666666606	55.03279999999941	55.0244399999994	55.02734666666608	55.03283999999941	55.02642666666611	55.01829333333289	55.02541333333282	55.02311999999955	55.038519999999394	55.02783999999943	55.025199999999444	55.02655999999942	55.032586666666106	55.02715999999947	55.02983999999947	55.02741333333276	55.037719999999354	55.03659999999937	55.01693333333276	33.0	34.0	35.0	36.0	37.0	38.0	39.0	40.0	41.0	42.0	43.0	44.0	45.0	46.0	47.0	48.0	49.0	50.0	51.0	52.0	53.0	54.0	55.0	56.0	57.0	58.0	59.0	
28	54.0127866666661	54.03014666666613	54.02622666666616	54.020173333332764	54.0237733333328	54.0413066666661	54.029919999999336	54.02697333333282	54.0232933333328	54.02978666666607	54.02595999999954	54.02806666666612	54.02929333333279	54.024839999999415	54.02823999999937	54.018506666666156	54.0292666666661	54.03441333333278	54.033333333332706	54.01795999999939	54.008119999999465	54.03538666666606	54.018546666666154	54.01170666666613	32.0	33.0	34.0	35.0	36.0	37.0	38.0	39.0	40.0	41.0	42.0	43.0	44.0	45.0	46.0	47.0	48.0	49.0	50.0	51.0	52.0	53.0	54.0	55.0	56.0	57.0	58.0	
27	53.0327599999994	53.019386666666065	53.025186666666116	53.02510666666612	53.01406666666608	53.02167999999949	53.028466666666105	53.026826666666125	53.027466666666115	53.028253333332714	53.02013333333281	53.03509333333274	53.031053333332764	53.01386666666613	53.02785333333274	53.021199999999425	53.024039999999374	53.025999999999414	53.01833333333283	53.030173333332755	53.0260666666661	53.029146666666094	53.0229599999995	53.02093333333272	31.0	32.0	33.0	34.0	35.0	36.0	37.0	38.0	39.0	40.0	41.0	42.0	43.0	44.0	45.0	46.0	47.0	48.0	49.0	50.0	51.0	52.0	53.0	54.0	55.0	56.0	57.0	
26	52.02609333333281	52.02595999999937	52.02302666666614	52.02422666666604	52.02803999999941	52.01633333333275	52.04013333333265	52.032026666666155	52.032733333332715	52.02919999999939	52.0300933333327	52.01817333333277	52.01721333333285	52.02606666666611	52.0338133333328	52.02854666666613	52.03318666666607	52.03322666666607	52.01871999999949	52.018613333332695	52.025719999999396	52.01209333333276	52.016173333332816	52.03249333333278	30.0	31.0	32.0	33.0	34.0	35.0	36.0	37.0	38.0	39.0	40.0	41.0	42.0	43.0	44.0	45.0	46.0	47.0	48.0	49.0	50.0	51.0	52.0	53.0	54.0	55.0	56.0	
25	51.020679999999444	51.01043999999945	51.01242666666616	51.02699999999949	51.03450666666603	51.015013333332746	51.02763999999945	51.020466666666124	51.01931999999947	51.02158666666617	51.017559999999435	51.03047999999943	51.02663999999953	51.036906666666056	51.01903999999945	51.0394133333327	51.02955999999938	51.0214533333328	51.02918666666612	51.020133333332836	51.03263999999936	51.02641333333274	51.028186666666144	51.03129333333281	29.0	30.0	31.0	32.0	33.0	34.0	35.0	36.0	37.0	38.0	39.0	40.0	41.0	42.0	43.0	44.0	45.0	46.0	47.0	48.0	49.0	50.0	51.0	52.0	53.0	54.0	55.0	
24	50.0433199999994	50.015653333332835	50.01647999999955	50.017546666666064	50.02587999999942	50.02077333333284	50.02194666666617	50.01599999999959	50.015226666666166	50.03099999999935	50.0232666666661	50.02570666666607	50.03889333333274	50.02059999999942	50.011799999999454	50.01237333333282	50.01662666666607	50.036559999999454	50.01874666666612	50.01150666666621	50.03022666666601	50.031679999999426	50.01946666666612	50.025733333332695	28.0	29.0	30.0	31.0	32.0	33.0	34.0	35.0	36.0	37.0	38.0	39.0	40.0	41.0	42.0	43.0	44.0	45.0	46.0	47.0	48.0	49.0	50.0	51.0	52.0	53.0	54.0	
23	49.02011999999942	49.02645333333278	49.0229466666661	49.02661333333273	49.02207999999948	49.0349199999994	49.033146666666084	49.023306666666116	49.026639999999446	49.029373333332785	49.01551999999947	49.01217333333268	49.0181333333328	49.03103999999942	49.02818666666609	49.01963999999943	49.03486666666609	49.020119999999494	49.02917333333281	49.029093333332796	49.03255999999935	49.02742666666606	49.026386666666085	49.03630666666609	27.0	28.0	29.0	30.0	31.0	32.0	33.0	34.0	35.0	36.0	37.0	38.0	39.0	40.0	41.0	42.0	43.0	44.0	45.0	46.0	47.0	48.0	49.0	50.0	51.0	52.0	53.0	
22	48.03830666666609	48.029186666666135	48.02454666666608	48.020933333332806	48.030519999999385	48.02985333333268	48.02359999999943	48.042119999999386	48.02013333333278	48.02113333333277	48.01575999999946	48.011653333332774	48.0024133333328	48.024093333332814	48.029253333332775	48.01955999999947	48.02323999999943	48.013866666666075	48.00689333333287	48.01919999999957	48.044386666666014	48.02195999999941	48.015079999999486	48.027933333332754	26.0	27.0	28.0	29.0	30.0	31.0	32.0	33.0	34.0	35.0	36.0	37.0	38.0	39.0	40.0	41.0	42.0	43.0	44.0	45.0	46.0	47.0	48.0	49.0	50.0	51.0	52.0	
21	47.033199999999354	47.02897333333274	47.02823999999947	47.01357333333276	47.02558666666616	47.02833333333277	47.041226666666006	47.01485333333275	47.03381333333277	47.02639999999934	47.026199999999506	47.03433333333271	47.03130666666607	47.0215066666661	47.015679999999506	47.02009333333285	47.014506666666136	47.0244666666661	47.03733333333278	47.01310666666612	47.03349333333274	47.01218666666608	47.02087999999944	47.01798666666613	25.0	26.0	27.0	28.0	29.0	30.0	31.0	32.0	33.0	34.0	35.0	36.0	37.0	38.0	39.0	40.0	41.0	42.0	43.0	44.0	45.0	46.0	47.0	48.0	49.0	50.0	51.0	
20	46.03675999999936	46.02938666666611	46.034826666666106	46.023293333332674	46.03181333333278	46.02054666666609	46.00913333333281	46.022266666666155	46.03314666666604	46.0158799999995	46.0263066666661	46.032493333332724	46.028213333332786	46.02847999999945	46.017386666666084	46.023719999999386	46.03321333333275	46.0290799999994	46.02155999999951	46.03229333333272	46.01663999999943	46.03409333333272	46.024626666666165	46.02233333333278	24.0	25.0	26.0	27.0	28.0	29.0	30.0	31.0	32.0	33.0	34.0	35.0	36.0	37.0	38.0	39.0	40.0	41.0	42.0	43.0	44.0	45.0	46.0	47.0	48.0	49.0	50.0	
19	45.019733333332766	45.01447999999945	45.020213333332805	45.023119999999466	45.041666666666	45.034053333332736	45.01634666666615	45.02159999999941	45.024226666666124	45.01397333333274	45.01857333333278	45.03290666666602	45.01455999999945	45.01530666666622	45.029506666666194	45.02543999999942	45.033706666666106	45.02903999999944	45.0237866666661	45.02202666666612	45.031013333332766	45.01453333333282	45.01961333333276	45.023746666666085	23.0	24.0	25.0	26.0	27.0	28.0	29.0	30.0	31.0	32.0	33.0	34.0	35.0	36.0	37.0	38.0	39.0	40.0	41.0	42.0	43.0	44.0	45.0	46.0	47.0	48.0	49.0	
18	44.033786666666074	44.0311599999994	44.01659999999944	44.01654666666613	44.024039999999474	44.01977333333279	44.01726666666616	44.01921333333274	44.01745333333281	44.020239999999475	44.03361333333274	44.02401333333282	44.03341333333269	44.033866666666086	44.01914666666606	44.019546666666116	44.01621333333287	44.02777333333282	44.024493333332714	44.027239999999466	44.019866666666104	44.01114666666618	44.02329333333279	44.02661333333279	22.0	23.0	24.0	25.0	26.0	27.0	28.0	29.0	30.0	31.0	32.0	33.0	34.0	35.0	36.0	37.0	38.0	39.0	40.0	41.0	42.0	43.0	44.0	45.0	46.0	47.0	48.0	
17	43.039039999999346	43.02829333333274	43.02951999999942	43.03177333333272	43.01731999999953	43.02599999999943	43.01570666666616	43.032733333332786	43.009226666666166	43.008839999999495	43.01987999999942	43.02261333333274	43.02438666666613	43.02011999999952	43.02525333333281	43.018306666666106	43.02658666666612	43.01347999999945	43.01973333333285	43.020826666666096	43.019813333332806	43.03643999999938	43.02453333333277	43.02010666666609	21.0	22.0	23.0	24.0	25.0	26.0	27.0	28.0	29.0	30.0	31.0	32.0	33.0	34.0	35.0	36.0	37.0	38.0	39.0	40.0	41.0	42.0	43.0	44.0	45.0	46.0	47.0	
16	42.0323066666661	42.01601333333289	42.0124533333329	42.01361333333283	42.02670666666606	42.01698666666604	42.02814666666612	42.03375999999945	42.025759999999494	42.027546666666126	42.0414399999994	42.034759999999395	42.02173333333276	42.03639999999943	42.014213333332805	42.02961333333275	42.03574666666606	42.02646666666617	42.02595999999946	42.04279999999938	42.03853333333275	42.01705333333281	42.02519999999935	42.024893333332756	20.0	21.0	22.0	23.0	24.0	25.0	26.0	27.0	28.0	29.0	30.0	31.0	32.0	33.0	34.0	35.0	36.0	37.0	38.0	39.0	40.0	41.0	42.0	43.0	44.0	45.0	46.0	
15	41.02298666666616	41.02641333333281	41.02354666666609	41.029293333332745	41.02283999999949	41.03398666666604	41.01877333333279	41.010053333332834	41.02635999999947	41.011759999999526	41.02534666666611	41.022026666666136	41.014706666666115	41.03957333333277	41.02161333333284	41.020213333332805	41.02003999999944	41.01958666666613	41.030479999999386	41.0195066666661	41.03446666666606	41.041026666666056	41.02661333333278	41.00789333333279	19.0	20.0	21.0	22.0	23.0	24.0	25.0	26.0	27.0	28.0	29.0	30.0	31.0	32.0	33.0	34.0	35.0	36.0	37.0	38.0	39.0	40.0	41.0	42.0	43.0	44.0	45.0	
14	40.02765333333279	40.031373333332766	40.023893333332666	40.011973333332804	40.02423999999945	40.03422666666613	40.03498666666604	40.03398666666604	40.02719999999945	40.02098666666612	40.01922666666606	40.031359999999424	40.0349866666661	40.024453333332744	40.02425333333284	40.03763999999936	40.028373333332766	40.0309866666661	40.03587999999938	40.02027999999949	40.0147333333328	40.01410666666613	40.02918666666607	40.02119999999946	18.0	19.0	20.0	21.0	22.0	23.0	24.0	25.0	26.0	27.0	28.0	29.0	30.0	31.0	32.0	33.0	34.0	35.0	36.0	37.0	38.0	39.0	40.0	41.0	42.0	43.0	44.0	
13	39.013706666666195	39.026733333332714	39.029773333332685	39.022293333332755	39.0048666666662	39.02237333333281	39.0267466666661	39.02806666666608	39.03069333333271	39.02583999999942	39.01381333333279	39.01594666666608	39.03087999999943	39.01782666666611	39.039866666666086	39.02098666666615	39.03434666666604	39.032226666666034	39.02115999999941	39.0418933333327	39.023759999999406	39.03646666666597	39.022573333332815	39.02834666666611	17.0	18.0	19.0	20.0	21.0	22.0	23.0	24.0	25.0	26.0	27.0	28.0	29.0	30.0	31.0	32.0	33.0	34.0	35.0	36.0	37.0	38.0	39.0	40.0	41.0	42.0	43.0	
12	38.024693333332834	38.02618666666615	38.0353333333327	38.02223999999947	38.027613333332795	38.02082666666608	38.03247999999945	38.02705333333273	38.016426666666206	38.02170666666612	38.02314666666608	38.027999999999395	38.02101333333283	38.0173199999995	38.03226666666609	38.02025333333284	38.02985333333284	38.02598666666604	38.01718666666616	38.04006666666608	38.02522666666603	38.00961333333285	38.019813333332706	38.03366666666612	16.0	17.0	18.0	19.0	20.0	21.0	22.0	23.0	24.0	25.0	26.0	27.0	28.0	29.0	30.0	31.0	32.0	33.0	34.0	35.0	36.0	37.0	38.0	39.0	40.0	41.0	42.0	
11	37.02643999999937	37.01187999999945	37.03109333333266	37.02451999999941	37.03381333333279	37.0249066666662	37.02755999999938	37.03450666666613	37.028946666666144	37.02195999999944	37.03306666666606	37.03363999999942	37.02053333333281	37.031079999999434	37.03050666666607	37.0147733333328	37.01989333333273	37.03191999999942	37.029199999999435	37.034799999999436	37.03121333333278	37.01741333333281	37.02994666666608	37.03890666666603	15.0	16.0	17.0	18.0	19.0	20.0	21.0	22.0	23.0	24.0	25.0	26.0	27.0	28.0	29.0	30.0	31.0	32.0	33.0	34.0	35.0	36.0	37.0	38.0	39.0	40.0	41.0	
10	36.03221333333272	36.01965333333281	36.03094666666618	36.031426666666036	36.01513333333287	36.01939999999951	36.01995999999947	36.02537333333274	36.01743999999947	36.02117333333271	36.03382666666613	36.039986666666096	36.02374666666611	36.02487999999949	36.03035999999938	36.01803999999948	36.02334666666615	36.01743999999945	36.03494666666606	36.020519999999436	36.01979999999941	36.02915999999941	36.02726666666621	36.02287999999941	14.0	15.0	16.0	17.0	18.0	19.0	20.0	21.0	22.0	23.0	24.0	25.0	26.0	27.0	28.0	29.0	30.0	31.0	32.0	33.0	34.0	35.0	36.0	37.0	38.0	39.0	40.0	
9	35.022079999999406	35.01742666666614	35.02933333333279	35.01555999999941	35.01054666666616	35.03898666666608	35.0237866666662	35.019706666666195	35.025279999999526	35.021066666666115	35.03635999999943	35.029999999999376	35.028026666666065	35.02822666666608	35.02787999999943	35.02534666666615	35.04019999999937	35.02513333333274	35.03245333333273	35.00818666666608	35.02990666666612	35.032106666666046	35.02299999999943	35.02545333333285	13.0	14.0	15.0	16.0	17.0	18.0	19.0	20.0	21.0	22.0	23.0	24.0	25.0	26.0	27.0	28.0	29.0	30.0	31.0	32.0	33.0	34.0	35.0	36.0	37.0	38.0	39.0	
8	34.01838666666619	34.02130666666618	34.03245333333277	34.03106666666615	34.02350666666612	34.02530666666614	34.03086666666607	34.00806666666614	34.02894666666609	34.02427999999948	34.02049333333284	34.01354666666618	34.018199999999496	34.017799999999454	34.02157333333274	34.01819999999945	34.01887999999945	34.03715999999938	34.01933333333282	34.02311999999943	34.02033333333274	34.02538666666614	34.014666666666216	34.02721333333281	12.0	13.0	14.0	15.0	16.0	17.0	18.0	19.0	20.0	21.0	22.0	23.0	24.0	25.0	26.0	27.0	28.0	29.0	30.0	31.0	32.0	33.0	34.0	35.0	36.0	37.0	38.0	
7	33.03887999999935	33.02534666666611	33.02349333333268	33.02309333333284	33.033733333332776	33.02806666666612	33.02650666666611	33.02185333333284	33.022853333332705	33.01025333333283	33.03583999999938	33.01926666666603	33.03201333333276	33.026746666666085	33.03006666666612	33.02057333333285	33.0053466666662	33.03018666666604	33.03058666666605	33.02689333333276	33.02861333333274	33.0219199999994	33.02469333333276	33.01677333333282	11.0	12.0	13.0	14.0	15.0	16.0	17.0	18.0	19.0	20.0	21.0	22.0	23.0	24.0	25.0	26.0	27.0	28.0	29.0	30.0	31.0	32.0	33.0	34.0	35.0	36.0	37.0	
6	32.01365333333277	32.04123999999938	32.01495999999952	32.02666666666616	32.031306666666055	32.02583999999946	32.02830666666608	32.02898666666616	32.03853333333272	32.02061333333279	32.02338666666613	32.02149333333273	32.02529333333274	32.04097333333274	32.026799999999405	32.035293333332724	32.02003999999945	32.017746666666184	32.02078666666611	32.0215599999994	32.027413333332724	32.029426666666176	32.020199999999406	32.019133333332704	10.0	11.0	12.0	13.0	14.0	15.0	16.0	17.0	18.0	19.0	20.0	21.0	22.0	23.0	24.0	25.0	26.0	27.0	28.0	29.0	30.0	31.0	32.0	33.0	34.0	35.0	36.0	
5	31.033079999999387	31.02293333333276	31.02513333333276	31.025813333332735	31.03919999999937	31.036119999999457	31.025186666666087	31.025479999999405	31.02181333333275	31.029653333332725	31.03086666666607	31.02185333333278	31.013079999999455	31.023479999999452	31.02282666666609	31.019653333332805	31.02995999999942	31.037533333332718	31.027386666666047	31.046479999999384	31.030879999999392	31.030146666666056	31.021439999999387	31.01558666666618	9.0	10.0	11.0	12.0	13.0	14.0	15.0	16.0	17.0	18.0	19.0	20.0	21.0	22.0	23.0	24.0	25.0	26.0	27.0	28.0	29.0	30.0	31.0	32.0	33.0	34.0	35.0	
4	30.024253333332695	30.0376533333328	30.020479999999424	30.02473333333286	30.02061333333276	30.02203999999945	30.0375999999994	30.03042666666613	30.026893333332765	30.021773333332817	30.038319999999395	30.02301333333274	30.03761333333272	30.014746666666113	30.026786666666077	30.02803999999942	30.013346666666166	30.027653333332808	30.028773333332765	30.037586666666087	30.029293333332802	30.028386666666094	30.03431999999936	30.023973333332762	8.0	9.0	10.0	11.0	12.0	13.0	14.0	15.0	16.0	17.0	18.0	19.0	20.0	21.0	22.0	23.0	24.0	25.0	26.0	27.0	28.0	29.0	30.0	31.0	32.0	33.0	34.0	
3	52.04725333333218	52.045199999998886	52.03583999999877	52.04002666666557	52.04917333333216	52.04125333333229	52.06725333333216	52.065493333332086	52.044853333332156	52.04183999999873	52.055173333332135	52.077093333332186	52.04669333333214	52.05626666666545	52.049013333332255	52.049973333332304	52.0654666666654	52.06293333333224	52.07306666666534	52.042079999998876	52.064719999998545	52.044266666665465	52.033813333332205	52.049706666665614	30.040946666666102	31.019386666666094	32.01953333333275	33.01895999999944	34.017333333332836	35.03181333333274	36.02030666666619	37.01737333333276	38.035119999999424	39.02911999999942	40.017026666666155	41.0243466666662	42.01237333333282	43.02554666666618	44.01694666666614	45.02869333333271	46.02641333333271	47.02182666666599	48.02117333333271	49.02066666666613	50.031999999999414	51.02239999999949	52.02611999999945	53.019493333332804	54.02939999999943	55.02493333333281	56.03118666666607	
2	52.074026666665475	52.06453333333215	52.057493333332275	52.06042666666556	52.04898666666551	52.0564799999988	52.0467466666655	52.045759999998864	52.06365333333227	52.08045333333219	52.0628533333323	52.0211466666655	52.058133333332364	52.03450666666569	52.04877333333229	52.045599999998856	52.058986666665376	52.03141333333218	52.08010666666539	52.03381333333222	52.03794666666542	52.05634666666549	52.053359999998804	52.05599999999879	30.024653333332743	31.0340933333327	32.01949333333273	33.02429333333269	34.02665333333283	35.03117333333279	36.01717333333272	37.04321333333274	38.02110666666607	39.028053333332736	40.02306666666607	41.02555999999945	42.02265333333273	43.028213333332744	44.030359999999376	45.02587999999943	46.02341333333277	47.02337333333277	48.033453333332716	49.01882666666613	50.02685333333278	51.019679999999454	52.018279999999436	53.007333333332866	54.03195999999946	55.011466666666124	56.020359999999414	
1	52.064853333332195	52.03005333333212	52.05706666666569	52.04373333333214	52.043999999998974	52.05061333333215	52.06439999999874	52.05255999999895	52.04914666666572	52.01957333333243	52.07226666666551	52.03834666666572	52.08666666666552	52.06130666666557	52.04442666666543	52.04482666666553	52.04274666666565	52.05482666666532	52.03901333333218	52.060186666665544	52.0197066666658	52.0203466666656	52.04650666666549	52.04287999999889	30.015786666666138	31.026213333332677	32.03422666666606	33.03578666666605	34.02759999999945	35.02682666666611	36.02374666666608	37.020813333332754	38.03182666666607	39.029453333332754	40.022146666666146	41.02517333333274	42.014239999999546	43.027279999999394	44.01659999999947	45.03013333333277	46.02462666666605	47.02666666666612	48.02801333333272	49.02175999999943	50.02118666666611	51.03002666666612	52.0166533333328	53.022666666666055	54.02117333333274	55.029319999999444	56.02390666666605	
0	52.04343999999898	52.04882666666573	52.04845333333233	52.04610666666552	52.055519999998836	52.05847999999878	52.05989333333223	52.040826666665524	52.04906666666555	52.05042666666563	52.03122666666559	52.06274666666556	52.04863999999884	52.034986666665375	52.05455999999886	52.06533333333226	52.04623999999896	52.06266666666551	52.03509333333213	52.05154666666533	52.05927999999879	52.032826666665684	52.03477333333228	52.05290666666545	30.02433333333282	31.02957333333277	32.024173333332755	33.009359999999475	34.02487999999941	35.02053333333277	36.01741333333282	37.02981333333273	38.029026666666084	39.033493333332736	40.02383999999944	41.0288533333328	42.01369333333278	43.04473333333271	44.03469333333277	45.04229333333271	46.02645333333271	47.031813333332764	48.027559999999454	49.021146666666155	50.032959999999434	51.01811999999943	52.02493333333274	53.02313333333268	54.033559999999454	55.01803999999947	56.01577333333286	
-1	52.0745333333321	52.061653333332174	52.073626666665405	52.03717333333206	52.0445066666658	52.03975999999895	52.048346666665594	52.04637333333221	52.05191999999869	52.03397333333233	52.06514666666544	52.05378666666543	52.04629333333227	52.01719999999919	52.03343999999913	52.05101333333229	52.032906666665596	52.047066666665614	52.056213333332224	52.0429333333322	52.01967999999896	52.050586666665595	52.03970666666552	52.045626666665555	30.031386666666066	31.027853333332807	32.03015999999941	33.02307999999941	34.01239999999943	35.035759999999414	36.03154666666613	37.04205333333266	38.0241866666661	39.02157333333277	40.03325333333275	41.0405599999994	42.03005333333269	43.02050666666611	44.0229333333327	45.02305333333277	46.02221333333273	47.02243999999945	48.01523999999941	49.034959999999415	50.02878666666609	51.03030666666609	52.02423999999942	53.02593333333279	54.035453333332725	55.02778666666616	56.03101333333274	
-2	52.06277333333216	52.077599999998824	52.03125333333213	52.05922666666541	52.049333333332186	52.05101333333218	52.07511999999872	52.06013333333232	52.05522666666552	52.0429333333322	52.0531199999989	52.064933333332206	52.055039999998854	52.04461333333231	52.07567999999867	52.032879999998926	52.070959999998905	52.06087999999875	52.04866666666547	52.09079999999889	52.066719999998924	52.04322666666562	52.04242666666565	52.04335999999887	30.027946666666125	31.017106666666137	32.026253333332804	33.03027999999943	34.026719999999415	35.02253333333282	36.01563999999946	37.02119999999938	38.027893333332734	39.02181333333267	40.022719999999424	41.01471999999951	42.0210533333328	43.01703999999948	44.036559999999355	45.02907999999944	46.02430666666611	47.02099999999952	48.034546666666074	49.01987999999943	50.03353333333271	51.02649333333284	52.01789333333282	53.024653333332765	54.02317333333279	55.02922666666609	56.01754666666616	
-3	52.05381333333217	52.0432533333322	52.05706666666546	52.05410666666543	52.03983999999885	52.062639999998765	52.02871999999904	52.07514666666545	52.041679999998735	52.03613333333216	52.051413333332405	52.05061333333232	52.078106666665406	52.0534933333322	52.04397333333222	52.04607999999892	52.041093333332356	52.06018666666543	52.059813333332215	52.05735999999878	52.063333333332	52.051599999998984	52.036106666665475	52.06751999999875	30.024133333332834	31.02071999999942	32.03267999999939	33.0262666666661	34.02029333333282	35.029879999999416	36.01178666666621	37.02167999999942	38.02302666666612	39.02007999999949	40.030546666666126	41.026239999999476	42.02174666666614	43.02629333333272	44.018199999999496	45.02946666666605	46.02475999999942	47.02963999999942	48.03454666666603	49.027533333332826	50.02613333333278	51.026973333332734	52.01709333333277	53.03359999999941	54.03561333333272	55.01102666666611	56.02082666666614	
-4	52.052426666665426	52.076426666665526	52.036959999998984	52.06791999999888	52.04090666666556	52.01698666666563	52.08381333333213	52.05709333333216	52.06183999999888	52.05839999999898	52.0534666666656	52.0493066666655	52.057253333332454	52.06893333333218	52.037946666665675	52.05309333333226	52.04797333333224	52.04450666666553	52.05442666666548	52.06455999999878	52.06109333333207	52.04871999999884	52.095839999998674	52.05250666666571	30.02586666666611	31.011159999999492	32.02754666666611	33.02897333333276	34.01861333333282	35.03609333333272	36.019306666666076	37.019866666666104	38.030213333332775	39.02885333333269	40.03278666666607	41.02190666666618	42.01810666666604	43.02226666666606	44.03274666666614	45.025319999999425	46.01478666666614	47.02117333333281	48.02886666666615	49.03487999999939	50.031559999999445	51.017306666666116	52.02799999999942	53.03330666666611	54.025306666666125	55.028839999999434	56.02063999999939	
-5	52.06967999999887	52.07589333333223	52.04549333333226	52.033759999998836	52.036693333332266	52.06626666666554	52.06658666666536	52.05287999999885	52.04031999999897	52.07357333333216	52.050319999998976	52.01839999999892	52.03261333333221	52.04375999999897	52.05293333333208	52.020399999998915	52.055786666665654	52.056319999998806	52.041493333332156	52.033013333332235	52.04994666666536	52.04797333333222	52.04034666666563	52.048639999999025	30.01767999999941	31.02086666666615	32.02534666666604	33.033946666666125	34.026079999999396	35.02950666666612	36.02875999999948	37.02466666666607	38.035959999999385	39.024813333332744	40.02427999999947	41.027946666666104	42.020546666666135	43.0202533333328	44.02437333333279	45.042266666666066	46.02119999999938	47.026546666666036	48.01665333333284	49.025866666666104	50.03465333333273	51.019693333332754	52.01765333333276	53.034533333332774	54.01995999999944	55.03430666666608	56.03057333333268	
-6	52.05770666666541	52.048773333332264	52.04607999999895	52.033573333332185	52.068319999998835	52.020319999998904	52.06439999999881	52.053039999998845	52.04365333333219	52.05205333333214	52.05674666666553	52.04922666666566	52.05458666666539	52.039386666665635	52.028186666665505	52.05218666666548	52.05175999999875	52.03842666666566	52.05002666666552	52.044213333332294	52.0576266666655	52.05583999999877	52.0471466666655	52.05837333333221	30.0139333333329	31.024559999999383	32.02777333333278	33.02245333333275	34.01147999999949	35.049706666666026	36.03135999999934	37.02613333333271	38.03103999999949	39.02170666666607	40.025733333332795	41.03518666666611	42.01483999999938	43.02490666666604	44.03914666666603	45.02779999999942	46.02097333333276	47.02193333333284	48.01215999999944	49.03481333333275	50.024693333332706	51.006733333332804	52.03185333333272	53.02554666666606	54.018586666666096	55.02403999999943	56.03310666666607	
-7	52.03887999999884	52.05685333333223	52.06141333333221	52.02455999999897	52.03850666666554	52.05658666666557	52.07402666666539	52.03453333333215	52.03122666666556	52.04367999999883	52.071386666665546	52.0392266666656	52.03626666666568	52.03631999999892	52.03629333333228	52.047919999998925	52.04866666666541	52.04775999999889	52.057439999998806	52.027173333332286	52.05117333333226	52.054346666665595	52.04527999999891	52.06130666666546	30.026626666666132	31.02631999999946	32.023826666666125	33.02303999999951	34.0346533333327	35.01749333333273	36.019746666666165	37.04278666666609	38.03281333333275	39.02418666666614	40.01793333333285	41.01519999999946	42.02177333333272	43.02409333333277	44.015173333332825	45.030226666666024	46.022906666666074	47.02433333333286	48.02495999999945	49.03173333333278	50.02429333333272	51.016333333332796	52.02787999999943	53.01345333333285	54.03398666666608	55.0247866666661	56.02345333333275	
-8	52.073733333332115	52.066826666665506	52.038853333332156	52.038213333332294	52.05447999999882	52.05762666666564	52.05327999999882	52.0507733333321	52.05709333333216	52.074613333332195	52.081706666665525	52.04615999999895	52.063839999998805	52.05706666666556	52.05591999999879	52.03143999999915	52.0368799999989	52.05621333333215	52.03797333333216	52.04455999999894	52.03338666666559	52.04071999999891	52.04901333333248	52.045146666665374	30.018426666666166	31.039706666666085	32.01731999999946	33.03039999999942	34.01377333333281	35.036133333332714	36.0238533333327	37.03385333333271	38.0277199999994	39.026933333332806	40.030453333332666	41.02411999999941	42.02519999999937	43.026239999999376	44.03119999999947	45.02358666666608	46.016813333332706	47.03487999999932	48.02981333333277	49.015746666666104	50.0191733333328	51.02581333333276	52.02267999999941	53.0259199999995	54.030479999999386	55.02810666666613	56.02629333333276	
-9	52.0710933333321	52.06815999999864	52.047173333332	52.047146666665554	52.048346666665594	52.05357333333227	52.042533333332116	52.04549333333216	52.05783999999879	52.036026666665535	52.041306666665534	52.0522399999989	52.04887999999896	52.045039999999034	52.0621333333323	52.057306666665596	52.05109333333219	52.04407999999876	52.03490666666566	52.030533333332386	52.04623999999903	52.05490666666557	52.02575999999894	52.06679999999871	30.011173333332806	31.030866666666107	32.027573333332796	33.029933333332764	34.01071999999949	35.024133333332784	36.02751999999943	37.017599999999426	38.03314666666604	39.01366666666624	40.03235999999944	41.02837333333271	42.03843999999932	43.031333333332796	44.023119999999466	45.012026666666145	46.02082666666615	47.025533333332746	48.02967999999947	49.03362666666611	50.016453333332805	51.01873333333282	52.019773333332736	53.042546666666155	54.031133333332704	55.02338666666611	56.03685333333273	
-10	52.051866666665575	52.05637333333213	52.04885333333223	52.05141333333202	52.062666666665606	52.07642666666551	52.06154666666551	52.052799999998854	52.0635199999989	52.04690666666552	52.04237333333219	52.02327999999906	52.06447999999877	52.070799999998854	52.076239999998904	52.06007999999893	52.051973333332256	52.04890666666559	52.06882666666547	52.05205333333214	52.06151999999871	52.02015999999897	52.065306666665506	52.047093333332256	30.025626666666106	31.02277333333288	32.02034666666618	33.02370666666607	34.03879999999941	35.03881333333278	36.02611999999944	37.02882666666607	38.03557333333274	39.02073333333284	40.027866666666064	41.03174666666599	42.03447999999939	43.0356666666661	44.02366666666609	45.036439999999374	46.02006666666611	47.02438666666613	48.031613333332814	49.030546666666055	50.02086666666612	51.02045333333281	52.032839999999425	53.02909333333275	54.02395999999945	55.029453333332754	56.022013333332765	
-11	52.062906666665555	52.05170666666561	52.07242666666549	52.04621333333216	52.0575999999989	52.06421333333219	52.0478666666655	52.01789333333238	52.04594666666537	52.058426666665454	52.05037333333229	52.03605333333235	52.041306666665434	52.06519999999884	52.02831999999904	52.06690666666543	52.07205333333199	52.044053333332215	52.06290666666567	52.02287999999888	52.051546666665544	52.06706666666557	52.059679999998764	52.04621333333219	30.016119999999447	31.035519999999337	32.029306666666116	33.040453333332756	34.03217333333271	35.032599999999455	36.02045333333277	37.02087999999945	38.018653333332814	39.0279333333328	40.02087999999944	41.024786666666074	42.02091999999948	43.02621333333282	44.01999999999953	45.01583999999943	46.032706666666044	47.029506666665995	48.02670666666607	49.02795999999944	50.0296533333328	51.03295999999949	52.016399999999436	53.01822666666614	54.02218666666616	55.01450666666608	56.02141333333276	
-12	52.04527999999894	52.05333333333223	52.04613333333222	52.03021333333227	52.06575999999873	52.04789333333221	52.07173333333209	52.059653333332164	52.02701333333235	52.03655999999887	52.05647999999877	52.06157333333228	52.07549333333216	52.05469333333217	52.028479999998865	52.05826666666562	52.05658666666557	52.04989333333219	52.030559999999156	52.053813333332215	52.031333333332185	52.06159999999872	52.069439999998764	52.05623999999881	30.02330666666616	31.022613333332743	32.026573333332756	33.02375999999944	34.02934666666608	35.020959999999484	36.0191733333328	37.02809333333273	38.03918666666608	39.04343999999947	40.02135999999936	41.02331999999944	42.034813333332735	43.02717333333263	44.01642666666598	45.02982666666617	46.03474666666608	47.02502666666612	48.01950666666613	49.01530666666619	50.02761333333282	51.02677333333281	52.03634666666608	53.01503999999946	54.03539999999941	55.0244399999994	56.02214666666612	
-13	52.052746666665485	52.039999999998926	52.07255999999876	52.06173333333217	52.0617333333322	52.06738666666544	52.09045333333199	52.045466666665746	52.043306666665515	52.057519999998775	52.054693333332196	52.03455999999899	52.05263999999889	52.05223999999893	52.03402666666565	52.07575999999867	52.04471999999899	52.05861333333213	52.02981333333227	52.04693333333245	52.04863999999871	52.06858666666534	52.04223999999884	52.063306666665454	30.01943999999942	31.033893333332742	32.02349333333283	33.02441333333283	34.021479999999414	35.009999999999515	36.03342666666604	37.01675999999948	38.0153733333328	39.021999999999466	40.020213333332805	41.020786666666126	42.025519999999446	43.02475999999947	44.02430666666612	45.03081333333276	46.03203999999943	47.02050666666605	48.03935999999938	49.03394666666604	50.02859999999936	51.028213333332744	52.030146666666056	53.01658666666614	54.0248666666661	55.035199999999435	56.017373333332785	
-14	52.06815999999884	52.0651999999987	52.049626666665546	52.03010666666569	52.04319999999893	52.06002666666558	52.013466666665664	52.0582666666654	52.069759999998865	52.060506666665546	52.05415999999886	52.05394666666558	52.0384799999988	52.046986666665475	52.047173333332324	52.02821333333232	52.051279999998684	52.05639999999883	52.03141333333227	52.045039999998934	52.04335999999884	52.0587999999988	52.04205333333215	52.012106666665616	30.03131999999937	31.03734666666601	32.02675999999941	33.027653333332694	34.022679999999426	35.0315999999994	36.032973333332684	37.022039999999464	38.02069333333276	39.01861333333288	40.03721333333276	41.02045333333281	42.026039999999426	43.0286933333327	44.01385333333286	45.01669333333274	46.01962666666611	47.027999999999395	48.02651999999938	49.02202666666615	50.035306666666045	51.03439999999941	52.02787999999943	53.018626666666165	54.02962666666612	55.02425333333278	56.01865333333281	
-15	52.046879999998836	52.078213333332116	52.0573066666654	52.05437333333224	52.07511999999869	52.069999999999055	52.02173333333221	52.039999999998926	52.06314666666559	52.044666666665535	52.052506666665494	52.04781333333213	52.05877333333211	52.05378666666559	52.04301333333217	52.070533333332094	52.05871999999877	52.024453333332275	52.030906666665686	52.03757333333223	52.06946666666559	52.07807999999888	52.04911999999885	52.08234666666546	30.018599999999417	31.018493333332657	32.021119999999506	33.02871999999944	34.03787999999942	35.021133333332834	36.03222666666613	37.02747999999947	38.03291999999944	39.02305333333279	40.0180933333328	41.048933333332684	42.023599999999504	43.03534666666607	44.01555999999944	45.03330666666611	46.028759999999394	47.027879999999485	48.02549333333283	49.02558666666613	50.03595999999935	51.031226666666086	52.012999999999465	53.02970666666609	54.01955999999947	55.02411999999944	56.031559999999445	
-16	52.066693333332196	52.063599999998786	52.026346666665646	52.05530666666539	52.04517333333226	52.05551999999898	52.04767999999882	52.051279999999025	52.07221333333209	52.04687999999882	52.04261333333217	52.045493333332274	52.04533333333228	52.05818666666559	52.04850666666563	52.03866666666548	52.04458666666547	52.024373333332235	52.065999999998795	52.05173333333212	52.0316799999988	52.023786666665586	52.04802666666555	52.059279999998864	30.033119999999357	31.021893333332727	32.035586666665985	33.02097333333276	34.01491999999945	35.03519999999936	36.028826666666134	37.021173333332776	38.01353333333276	39.02338666666614	40.03209333333273	41.0248266666661	42.02327999999959	43.022733333332795	44.028133333332775	45.03751999999936	46.02459999999937	47.024719999999434	48.01614666666613	49.031386666666094	50.037879999999376	51.0215599999994	52.021866666666085	53.02073333333277	54.03035999999939	55.027226666666124	56.024626666666094	
-17	52.04954666666559	52.03658666666561	52.03106666666544	52.035173333332395	52.043253333332174	52.02663999999896	52.05077333333206	52.047813333332144	52.05423999999874	52.026666666665676	52.03853333333237	52.06314666666543	52.054399999998864	52.041759999998874	52.03114666666548	52.06525333333215	52.06757333333215	52.04877333333221	52.05535999999884	52.05546666666551	52.05010666666564	52.05853333333215	52.05933333333223	52.05621333333221	30.030039999999403	31.029986666666048	32.028986666666086	33.016279999999526	34.017159999999365	35.0170399999995	36.02994666666615	37.02974666666605	38.02435999999943	39.02142666666613	40.02801333333274	41.02825333333268	42.0253199999995	43.023906666666065	44.020839999999325	45.01854666666608	46.02649333333268	47.03183999999946	48.02722666666605	49.02494666666611	50.034333333332754	51.014186666666134	52.01305333333282	53.03107999999936	54.03681333333269	55.023186666666135	56.02751999999943	
-18	52.055039999998854	52.02213333333229	52.036453333332105	52.05527999999893	52.06655999999897	52.055439999998754	52.02850666666555	52.05258666666555	52.04218666666547	52.05885333333214	52.04543999999903	52.036213333332256	52.04999999999882	52.02575999999874	52.05394666666567	52.052346666665485	52.060453333332205	52.03933333333222	52.04869333333214	52.03781333333224	52.0400266666655	52.04802666666579	52.062239999998766	52.05925333333229	30.01758666666624	31.03586666666601	32.03365333333268	33.01362666666615	34.0361199999994	35.03458666666608	36.034986666666086	37.02219999999939	38.01865333333281	39.01282666666618	40.030359999999334	41.02645333333286	42.03142666666607	43.016879999999496	44.022479999999405	45.01427999999953	46.03459999999939	47.03353333333284	48.035626666666104	49.026466666666124	50.01399999999953	51.02073333333283	52.01915999999949	53.020973333332705	54.024959999999425	55.0113466666661	56.042186666666055	
-19	52.05477333333219	52.04117333333238	52.070693333331974	52.05093333333228	52.03935999999892	52.05927999999881	52.049466666665666	52.05119999999876	52.05418666666563	52.05514666666552	52.04829333333208	52.05805333333238	52.05885333333221	52.044479999998984	52.06762666666546	52.03317333333233	52.03663999999898	52.05725333333224	52.05413333333216	52.05410666666552	52.03815999999898	52.04306666666544	52.067146666665465	52.06383999999879	30.028266666666106	31.03146666666602	32.009039999999516	33.01959999999948	34.018133333332834	35.03218666666608	36.03161333333276	37.03093333333278	38.01887999999947	39.016959999999486	40.03953333333274	41.021973333332795	42.02677333333279	43.03173333333273	44.02606666666608	45.019666666666225	46.022959999999415	47.02205333333282	48.02835999999948	49.02567999999948	50.03035999999943	51.03211999999945	52.01369333333275	53.0140266666661	54.023733333332814	55.022239999999485	56.01934666666611	
-20	52.02250666666562	52.04370666666547	52.07583999999869	52.03906666666552	52.05647999999876	52.02450666666563	52.069973333332115	52.04575999999881	52.07269333333207	51.992533333332545	52.047679999998934	52.09106666666537	52.05773333333221	52.07490666666547	52.018826666665746	52.04007999999892	52.05581333333237	52.01823999999898	52.06263999999892	52.058453333332196	52.0635733333323	52.04175999999883	52.033679999998995	52.066666666665554	30.024066666666087	31.02662666666604	32.02810666666615	33.0319733333327	34.032786666666105	35.021586666666096	36.02601333333277	37.025266666666084	38.04017333333273	39.02651999999949	40.03691999999933	41.03514666666605	42.02110666666604	43.018453333332886	44.01993333333279	45.028119999999404	46.02779999999936	47.017199999999406	48.02834666666608	49.033813333332716	50.03421333333273	51.01714666666621	52.02061333333282	53.013479999999504	54.0214799999995	55.01203999999946	56.02979999999937	

initial orders: 
	-20	-19	-18	-17	-16	-15	-14	-13	-12	-11	-10	-9	-8	-7	-6	-5	-4	-3	-2	-1	0	1	2	3	4	5	6	7	8	9	10	11	12	13	14	15	16	17	18	19	20	21	22	23	24	25	26	27	28	29	30	
30	0.0,46.02721333333279	0.0,45.039639999999395	0.0,44.02357333333268	0.0,43.020079999999496	0.0,42.021813333332794	0.0,41.03309333333276	0.0,40.02606666666613	0.0,39.02875999999944	0.0,38.03182666666614	0.0,37.026279999999446	0.0,36.022813333332735	0.0,35.0324266666661	0.0,34.01250666666614	0.0,33.02734666666605	0.0,32.03975999999941	0.0,31.021999999999423	0.0,30.025999999999463	0.0,29.029453333332803	0.0,28.011679999999537	0.0,27.02203999999943	0.0,26.012639999999504	0.0,25.032319999999395	0.0,24.020066666666054	0.0,23.029079999999396	0.0,0.0	0.0,0.0	0.0,0.0	0.0,0.0	0.0,0.0	0.0,0.0	0.0,0.0	0.0,0.0	0.0,0.0	0.0,0.0	0.0,0.0	0.0,0.0	0.0,0.0	0.0,0.0	0.0,0.0	0.0,0.0	0.0,0.0	0.0,0.0	0.0,0.0	0.0,0.0	0.0,0.0	0.0,0.0	0.0,0.0	0.0,0.0	0.0,0.0	0.0,0.0	0.0,0.0	
29	0.0,46.02714666666611	0.0,45.03211999999938	0.0,44.020706666666094	0.0,43.02158666666614	0.0,42.03722666666606	0.0,41.032799999999405	0.0,40.0244399999994	0.0,39.02734666666608	0.0,38.03283999999941	0.0,37.02642666666611	0.0,36.01829333333289	0.0,35.02541333333282	0.0,34.02311999999956	0.0,33.038519999999394	0.0,32.02783999999943	0.0,31.025199999999437	0.0,30.02655999999942	0.0,29.0325866666661	0.0,28.027159999999462	0.0,27.029839999999467	0.0,26.027413333332767	0.0,25.037719999999357	0.0,24.03659999999936	0.0,23.01693333333276	0.0,0.0	0.0,0.0	0.0,0.0	0.0,0.0	0.0,0.0	0.0,0.0	0.0,0.0	0.0,0.0	0.0,0.0	0.0,0.0	0.0,0.0	0.0,0.0	0.0,0.0	0.0,0.0	0.0,0.0	0.0,0.0	0.0,0.0	0.0,0.0	0.0,0.0	0.0,0.0	0.0,0.0	0.0,0.0	0.0,0.0	0.0,0.0	0.0,0.0	0.0,0.0	0.0,0.0	
28	0.0,46.0127866666661	0.0,45.03014666666613	0.0,44.02622666666616	0.0,43.02017333333277	0.0,42.0237733333328	0.0,41.0413066666661	0.0,40.029919999999336	0.0,39.02697333333281	0.0,38.0232933333328	0.0,37.02978666666607	0.0,36.02595999999954	0.0,35.02806666666612	0.0,34.02929333333279	0.0,33.024839999999415	0.0,32.02823999999937	0.0,31.018506666666163	0.0,30.029266666666096	0.0,29.034413333332783	0.0,28.033333333332713	0.0,27.0179599999994	0.0,26.008119999999465	0.0,25.03538666666605	0.0,24.018546666666154	0.0,23.011706666666136	0.0,0.0	0.0,0.0	0.0,0.0	0.0,0.0	0.0,0.0	0.0,0.0	0.0,0.0	0.0,0.0	0.0,0.0	0.0,0.0	0.0,0.0	0.0,0.0	0.0,0.0	0.0,0.0	0.0,0.0	0.0,0.0	0.0,0.0	0.0,0.0	0.0,0.0	0.0,0.0	0.0,0.0	0.0,0.0	0.0,0.0	0.0,0.0	0.0,0.0	0.0,0.0	0.0,0.0	
27	0.0,46.0327599999994	0.0,45.01938666666607	0.0,44.025186666666116	0.0,43.025106666666126	0.0,42.01406666666609	0.0,41.02167999999949	0.0,40.028466666666105	0.0,39.02682666666613	0.0,38.027466666666115	0.0,37.02825333333272	0.0,36.0201333333328	0.0,35.03509333333274	0.0,34.031053333332764	0.0,33.01386666666614	0.0,32.02785333333274	0.0,31.021199999999418	0.0,30.024039999999374	0.0,29.025999999999414	0.0,28.018333333332833	0.0,27.030173333332748	0.0,26.0260666666661	0.0,25.029146666666097	0.0,24.022959999999493	0.0,23.020933333332728	0.0,0.0	0.0,0.0	0.0,0.0	0.0,0.0	0.0,0.0	0.0,0.0	0.0,0.0	0.0,0.0	0.0,0.0	0.0,0.0	0.0,0.0	0.0,0.0	0.0,0.0	0.0,0.0	0.0,0.0	0.0,0.0	0.0,0.0	0.0,0.0	0.0,0.0	0.0,0.0	0.0,0.0	0.0,0.0	0.0,0.0	0.0,0.0	0.0,0.0	0.0,0.0	0.0,0.0	
26	0.0,46.02609333333281	0.0,45.02595999999937	0.0,44.023026666666134	0.0,43.02422666666604	0.0,42.02803999999941	0.0,41.01633333333275	0.0,40.040133333332655	0.0,39.03202666666615	0.0,38.03273333333272	0.0,37.02919999999939	0.0,36.03009333333271	0.0,35.01817333333277	0.0,34.01721333333285	0.0,33.02606666666611	0.0,32.0338133333328	0.0,31.028546666666138	0.0,30.033186666666065	0.0,29.03322666666607	0.0,28.018719999999483	0.0,27.018613333332688	0.0,26.025719999999396	0.0,25.01209333333275	0.0,24.016173333332816	0.0,23.032493333332773	0.0,0.0	0.0,0.0	0.0,0.0	0.0,0.0	0.0,0.0	0.0,0.0	0.0,0.0	0.0,0.0	0.0,0.0	0.0,0.0	0.0,0.0	0.0,0.0	0.0,0.0	0.0,0.0	0.0,0.0	0.0,0.0	0.0,0.0	0.0,0.0	0.0,0.0	0.0,0.0	0.0,0.0	0.0,0.0	0.0,0.0	0.0,0.0	0.0,0.0	0.0,0.0	0.0,0.0	
25	0.0,46.020679999999444	0.0,45.01043999999945	0.0,44.01242666666616	0.0,43.02699999999949	0.0,42.03450666666603	0.0,41.015013333332746	0.0,40.027639999999444	0.0,39.020466666666124	0.0,38.01931999999947	0.0,37.02158666666616	0.0,36.01755999999943	0.0,35.03047999999943	0.0,34.02663999999953	0.0,33.036906666666056	0.0,32.01903999999945	0.0,31.039413333332703	0.0,30.029559999999385	0.0,29.021453333332797	0.0,28.029186666666117	0.0,27.02013333333284	0.0,26.032639999999354	0.0,25.026413333332737	0.0,24.028186666666144	0.0,23.031293333332812	0.0,0.0	0.0,0.0	0.0,0.0	0.0,0.0	0.0,0.0	0.0,0.0	0.0,0.0	0.0,0.0	0.0,0.0	0.0,0.0	0.0,0.0	0.0,0.0	0.0,0.0	0.0,0.0	0.0,0.0	0.0,0.0	0.0,0.0	0.0,0.0	0.0,0.0	0.0,0.0	0.0,0.0	0.0,0.0	0.0,0.0	0.0,0.0	0.0,0.0	0.0,0.0	0.0,0.0	
24	0.0,46.043319999999405	0.0,45.015653333332835	0.0,44.01647999999955	0.0,43.017546666666064	0.0,42.02587999999942	0.0,41.02077333333284	0.0,40.021946666666175	0.0,39.015999999999586	0.0,38.015226666666166	0.0,37.03099999999936	0.0,36.0232666666661	0.0,35.02570666666607	0.0,34.03889333333273	0.0,33.02059999999942	0.0,32.01179999999946	0.0,31.01237333333282	0.0,30.016626666666077	0.0,29.036559999999454	0.0,28.018746666666125	0.0,27.011506666666207	0.0,26.030226666666017	0.0,25.031679999999433	0.0,24.01946666666612	0.0,23.025733333332695	0.0,0.0	0.0,0.0	0.0,0.0	0.0,0.0	0.0,0.0	0.0,0.0	0.0,0.0	0.0,0.0	0.0,0.0	0.0,0.0	0.0,0.0	0.0,0.0	0.0,0.0	0.0,0.0	0.0,0.0	0.0,0.0	0.0,0.0	0.0,0.0	0.0,0.0	0.0,0.0	0.0,0.0	0.0,0.0	0.0,0.0	0.0,0.0	0.0,0.0	0.0,0.0	0.0,0.0	
23	0.0,46.02011999999943	0.0,45.02645333333278	0.0,44.0229466666661	0.0,43.026613333332726	0.0,42.02207999999948	0.0,41.03491999999941	0.0,40.03314666666608	0.0,39.02330666666611	0.0,38.02663999999944	0.0,37.029373333332785	0.0,36.01551999999947	0.0,35.01217333333268	0.0,34.018133333332806	0.0,33.03103999999943	0.0,32.02818666666609	0.0,31.01963999999943	0.0,30.034866666666087	0.0,29.020119999999494	0.0,28.0291733333328	0.0,27.029093333332796	0.0,26.03255999999935	0.0,25.027426666666067	0.0,24.026386666666085	0.0,23.0363066666661	0.0,0.0	0.0,0.0	0.0,0.0	0.0,0.0	0.0,0.0	0.0,0.0	0.0,0.0	0.0,0.0	0.0,0.0	0.0,0.0	0.0,0.0	0.0,0.0	0.0,0.0	0.0,0.0	0.0,0.0	0.0,0.0	0.0,0.0	0.0,0.0	0.0,0.0	0.0,0.0	0.0,0.0	0.0,0.0	0.0,0.0	0.0,0.0	0.0,0.0	0.0,0.0	0.0,0.0	
22	0.0,46.03830666666609	0.0,45.029186666666135	0.0,44.02454666666608	0.0,43.020933333332806	0.0,42.030519999999385	0.0,41.02985333333268	0.0,40.02359999999943	0.0,39.04211999999938	0.0,38.02013333333279	0.0,37.02113333333277	0.0,36.01575999999947	0.0,35.011653333332774	0.0,34.0024133333328	0.0,33.024093333332814	0.0,32.029253333332775	0.0,31.019559999999476	0.0,30.02323999999943	0.0,29.013866666666072	0.0,28.00689333333287	0.0,27.01919999999957	0.0,26.044386666666014	0.0,25.021959999999417	0.0,24.015079999999482	0.0,23.027933333332758	0.0,0.0	0.0,0.0	0.0,0.0	0.0,0.0	0.0,0.0	0.0,0.0	0.0,0.0	0.0,0.0	0.0,0.0	0.0,0.0	0.0,0.0	0.0,0.0	0.0,0.0	0.0,0.0	0.0,0.0	0.0,0.0	0.0,0.0	0.0,0.0	0.0,0.0	0.0,0.0	0.0,0.0	0.0,0.0	0.0,0.0	0.0,0.0	0.0,0.0	0.0,0.0	0.0,0.0	
21	0.0,46.033199999999354	0.0,45.02897333333275	0.0,44.028239999999464	0.0,43.01357333333276	0.0,42.02558666666615	0.0,41.02833333333277	0.0,40.041226666666006	0.0,39.01485333333275	0.0,38.03381333333277	0.0,37.026399999999335	0.0,36.026199999999506	0.0,35.03433333333271	0.0,34.03130666666606	0.0,33.0215066666661	0.0,32.015679999999506	0.0,31.020093333332856	0.0,30.014506666666144	0.0,29.0244666666661	0.0,28.037333333332775	0.0,27.013106666666125	0.0,26.033493333332743	0.0,25.012186666666075	0.0,24.02087999999943	0.0,23.017986666666133	0.0,0.0	0.0,0.0	0.0,0.0	0.0,0.0	0.0,0.0	0.0,0.0	0.0,0.0	0.0,0.0	0.0,0.0	0.0,0.0	0.0,0.0	0.0,0.0	0.0,0.0	0.0,0.0	0.0,0.0	0.0,0.0	0.0,0.0	0.0,0.0	0.0,0.0	0.0,0.0	0.0,0.0	0.0,0.0	0.0,0.0	0.0,0.0	0.0,0.0	0.0,0.0	0.0,0.0	
20	0.0,46.03675999999936	0.0,45.02938666666611	0.0,44.0348266666661	0.0,43.02329333333268	0.0,42.03181333333278	0.0,41.020546666666085	0.0,40.00913333333281	0.0,39.022266666666155	0.0,38.03314666666604	0.0,37.0158799999995	0.0,36.02630666666611	0.0,35.03249333333273	0.0,34.02821333333278	0.0,33.02847999999945	0.0,32.01738666666609	0.0,31.02371999999939	0.0,30.033213333332753	0.0,29.029079999999396	0.0,28.02155999999951	0.0,27.032293333332714	0.0,26.01663999999942	0.0,25.034093333332716	0.0,24.024626666666173	0.0,23.02233333333278	0.0,0.0	0.0,0.0	0.0,0.0	0.0,0.0	0.0,0.0	0.0,0.0	0.0,0.0	0.0,0.0	0.0,0.0	0.0,0.0	0.0,0.0	0.0,0.0	0.0,0.0	0.0,0.0	0.0,0.0	0.0,0.0	0.0,0.0	0.0,0.0	0.0,0.0	0.0,0.0	0.0,0.0	0.0,0.0	0.0,0.0	0.0,0.0	0.0,0.0	0.0,0.0	0.0,0.0	
19	0.0,46.01973333333277	0.0,45.01447999999945	0.0,44.020213333332805	0.0,43.02311999999947	0.0,42.041666666666	0.0,41.03405333333273	0.0,40.016346666666145	0.0,39.02159999999941	0.0,38.02422666666613	0.0,37.01397333333274	0.0,36.01857333333278	0.0,35.03290666666602	0.0,34.014559999999456	0.0,33.01530666666621	0.0,32.029506666666194	0.0,31.025439999999417	0.0,30.033706666666106	0.0,29.029039999999448	0.0,28.023786666666105	0.0,27.02202666666612	0.0,26.031013333332773	0.0,25.01453333333282	0.0,24.019613333332764	0.0,23.023746666666078	0.0,0.0	0.0,0.0	0.0,0.0	0.0,0.0	0.0,0.0	0.0,0.0	0.0,0.0	0.0,0.0	0.0,0.0	0.0,0.0	0.0,0.0	0.0,0.0	0.0,0.0	0.0,0.0	0.0,0.0	0.0,0.0	0.0,0.0	0.0,0.0	0.0,0.0	0.0,0.0	0.0,0.0	0.0,0.0	0.0,0.0	0.0,0.0	0.0,0.0	0.0,0.0	0.0,0.0	
18	0.0,46.033786666666074	0.0,45.0311599999994	0.0,44.01659999999945	0.0,43.01654666666613	0.0,42.02403999999947	0.0,41.01977333333279	0.0,40.01726666666617	0.0,39.01921333333275	0.0,38.01745333333282	0.0,37.020239999999475	0.0,36.033613333332745	0.0,35.02401333333282	0.0,34.03341333333269	0.0,33.03386666666609	0.0,32.01914666666606	0.0,31.01954666666611	0.0,30.016213333332868	0.0,29.027773333332817	0.0,28.024493333332714	0.0,27.027239999999466	0.0,26.019866666666108	0.0,25.01114666666617	0.0,24.023293333332795	0.0,23.026613333332786	0.0,0.0	0.0,0.0	0.0,0.0	0.0,0.0	0.0,0.0	0.0,0.0	0.0,0.0	0.0,0.0	0.0,0.0	0.0,0.0	0.0,0.0	0.0,0.0	0.0,0.0	0.0,0.0	0.0,0.0	0.0,0.0	0.0,0.0	0.0,0.0	0.0,0.0	0.0,0.0	0.0,0.0	0.0,0.0	0.0,0.0	0.0,0.0	0.0,0.0	0.0,0.0	0.0,0.0	
17	0.0,46.03903999999935	0.0,45.02829333333274	0.0,44.02951999999942	0.0,43.031773333332715	0.0,42.017319999999536	0.0,41.02599999999943	0.0,40.01570666666616	0.0,39.032733333332786	0.0,38.00922666666617	0.0,37.008839999999495	0.0,36.01987999999942	0.0,35.022613333332735	0.0,34.02438666666613	0.0,33.02011999999952	0.0,32.025253333332806	0.0,31.018306666666103	0.0,30.026586666666116	0.0,29.013479999999447	0.0,28.01973333333285	0.0,27.020826666666096	0.0,26.01981333333281	0.0,25.03643999999938	0.0,24.024533333332766	0.0,23.020106666666088	0.0,0.0	0.0,0.0	0.0,0.0	0.0,0.0	0.0,0.0	0.0,0.0	0.0,0.0	0.0,0.0	0.0,0.0	0.0,0.0	0.0,0.0	0.0,0.0	0.0,0.0	0.0,0.0	0.0,0.0	0.0,0.0	0.0,0.0	0.0,0.0	0.0,0.0	0.0,0.0	0.0,0.0	0.0,0.0	0.0,0.0	0.0,0.0	0.0,0.0	0.0,0.0	0.0,0.0	
16	0.0,46.032306666666095	0.0,45.01601333333289	0.0,44.01245333333291	0.0,43.01361333333283	0.0,42.02670666666606	0.0,41.01698666666604	0.0,40.02814666666612	0.0,39.03375999999945	0.0,38.025759999999494	0.0,37.02754666666613	0.0,36.0414399999994	0.0,35.034759999999395	0.0,34.02173333333276	0.0,33.03639999999943	0.0,32.01421333333281	0.0,31.02961333333274	0.0,30.03574666666605	0.0,29.02646666666617	0.0,28.025959999999458	0.0,27.04279999999938	0.0,26.03853333333275	0.0,25.01705333333281	0.0,24.02519999999935	0.0,23.02489333333276	0.0,0.0	0.0,0.0	0.0,0.0	0.0,0.0	0.0,0.0	0.0,0.0	0.0,0.0	0.0,0.0	0.0,0.0	0.0,0.0	0.0,0.0	0.0,0.0	0.0,0.0	0.0,0.0	0.0,0.0	0.0,0.0	0.0,0.0	0.0,0.0	0.0,0.0	0.0,0.0	0.0,0.0	0.0,0.0	0.0,0.0	0.0,0.0	0.0,0.0	0.0,0.0	0.0,0.0	
15	0.0,46.02298666666616	0.0,45.026413333332805	0.0,44.02354666666609	0.0,43.029293333332745	0.0,42.02283999999948	0.0,41.03398666666604	0.0,40.01877333333279	0.0,39.010053333332834	0.0,38.02635999999947	0.0,37.01175999999952	0.0,36.0253466666661	0.0,35.02202666666613	0.0,34.01470666666611	0.0,33.03957333333277	0.0,32.02161333333284	0.0,31.020213333332798	0.0,30.020039999999444	0.0,29.019586666666136	0.0,28.030479999999383	0.0,27.019506666666107	0.0,26.034466666666063	0.0,25.041026666666056	0.0,24.026613333332783	0.0,23.007893333332785	0.0,0.0	0.0,0.0	0.0,0.0	0.0,0.0	0.0,0.0	0.0,0.0	0.0,0.0	0.0,0.0	0.0,0.0	0.0,0.0	0.0,0.0	0.0,0.0	0.0,0.0	0.0,0.0	0.0,0.0	0.0,0.0	0.0,0.0	0.0,0.0	0.0,0.0	0.0,0.0	0.0,0.0	0.0,0.0	0.0,0.0	0.0,0.0	0.0,0.0	0.0,0.0	0.0,0.0	
14	0.0,46.02765333333279	0.0,45.031373333332766	0.0,44.023893333332666	0.0,43.011973333332804	0.0,42.02423999999946	0.0,41.03422666666613	0.0,40.03498666666605	0.0,39.03398666666603	0.0,38.02719999999945	0.0,37.020986666666126	0.0,36.01922666666606	0.0,35.031359999999424	0.0,34.03498666666611	0.0,33.024453333332744	0.0,32.02425333333284	0.0,31.037639999999357	0.0,30.028373333332762	0.0,29.030986666666102	0.0,28.03587999999938	0.0,27.02027999999949	0.0,26.0147333333328	0.0,25.01410666666613	0.0,24.02918666666607	0.0,23.02119999999946	0.0,0.0	0.0,0.0	0.0,0.0	0.0,0.0	0.0,0.0	0.0,0.0	0.0,0.0	0.0,0.0	0.0,0.0	0.0,0.0	0.0,0.0	0.0,0.0	0.0,0.0	0.0,0.0	0.0,0.0	0.0,0.0	0.0,0.0	0.0,0.0	0.0,0.0	0.0,0.0	0.0,0.0	0.0,0.0	0.0,0.0	0.0,0.0	0.0,0.0	0.0,0.0	0.0,0.0	
13	0.0,46.01370666666619	0.0,45.02673333333271	0.0,44.02977333333268	0.0,43.02229333333275	0.0,42.004866666666196	0.0,41.02237333333281	0.0,40.02674666666611	0.0,39.02806666666608	0.0,38.03069333333271	0.0,37.02583999999943	0.0,36.0138133333328	0.0,35.015946666666075	0.0,34.030879999999435	0.0,33.01782666666612	0.0,32.039866666666086	0.0,31.02098666666615	0.0,30.034346666666035	0.0,29.032226666666038	0.0,28.021159999999412	0.0,27.041893333332702	0.0,26.023759999999406	0.0,25.03646666666597	0.0,24.022573333332815	0.0,23.02834666666611	0.0,0.0	0.0,0.0	0.0,0.0	0.0,0.0	0.0,0.0	0.0,0.0	0.0,0.0	0.0,0.0	0.0,0.0	0.0,0.0	0.0,0.0	0.0,0.0	0.0,0.0	0.0,0.0	0.0,0.0	0.0,0.0	0.0,0.0	0.0,0.0	0.0,0.0	0.0,0.0	0.0,0.0	0.0,0.0	0.0,0.0	0.0,0.0	0.0,0.0	0.0,0.0	0.0,0.0	
12	0.0,46.024693333332834	0.0,45.026186666666156	0.0,44.0353333333327	0.0,43.02223999999947	0.0,42.027613333332795	0.0,41.02082666666608	0.0,40.03247999999945	0.0,39.02705333333273	0.0,38.016426666666206	0.0,37.02170666666613	0.0,36.02314666666608	0.0,35.02799999999939	0.0,34.021013333332824	0.0,33.01731999999949	0.0,32.03226666666609	0.0,31.02025333333284	0.0,30.029853333332838	0.0,29.025986666666046	0.0,28.017186666666166	0.0,27.04006666666608	0.0,26.02522666666603	0.0,25.00961333333285	0.0,24.019813333332706	0.0,23.03366666666612	0.0,0.0	0.0,0.0	0.0,0.0	0.0,0.0	0.0,0.0	0.0,0.0	0.0,0.0	0.0,0.0	0.0,0.0	0.0,0.0	0.0,0.0	0.0,0.0	0.0,0.0	0.0,0.0	0.0,0.0	0.0,0.0	0.0,0.0	0.0,0.0	0.0,0.0	0.0,0.0	0.0,0.0	0.0,0.0	0.0,0.0	0.0,0.0	0.0,0.0	0.0,0.0	0.0,0.0	
11	0.0,46.02643999999937	0.0,45.01187999999946	0.0,44.03109333333266	0.0,43.02451999999941	0.0,42.03381333333279	0.0,41.02490666666619	0.0,40.02755999999938	0.0,39.03450666666613	0.0,38.028946666666144	0.0,37.02195999999944	0.0,36.033066666666066	0.0,35.03363999999942	0.0,34.02053333333281	0.0,33.031079999999434	0.0,32.03050666666607	0.0,31.014773333332798	0.0,30.019893333332735	0.0,29.031919999999417	0.0,28.029199999999438	0.0,27.03479999999944	0.0,26.03121333333278	0.0,25.01741333333281	0.0,24.029946666666078	0.0,23.03890666666603	0.0,0.0	0.0,0.0	0.0,0.0	0.0,0.0	0.0,0.0	0.0,0.0	0.0,0.0	0.0,0.0	0.0,0.0	0.0,0.0	0.0,0.0	0.0,0.0	0.0,0.0	0.0,0.0	0.0,0.0	0.0,0.0	0.0,0.0	0.0,0.0	0.0,0.0	0.0,0.0	0.0,0.0	0.0,0.0	0.0,0.0	0.0,0.0	0.0,0.0	0.0,0.0	0.0,0.0	
10	0.0,46.03221333333273	0.0,45.01965333333281	0.0,44.03094666666618	0.0,43.031426666666036	0.0,42.01513333333286	0.0,41.019399999999514	0.0,40.01995999999947	0.0,39.025373333332745	0.0,38.01743999999947	0.0,37.02117333333272	0.0,36.03382666666613	0.0,35.039986666666096	0.0,34.02374666666611	0.0,33.02487999999949	0.0,32.03035999999938	0.0,31.01803999999948	0.0,30.02334666666615	0.0,29.017439999999453	0.0,28.03494666666606	0.0,27.02051999999944	0.0,26.019799999999407	0.0,25.029159999999408	0.0,24.027266666666204	0.0,23.02287999999941	0.0,0.0	0.0,0.0	0.0,0.0	0.0,0.0	0.0,0.0	0.0,0.0	0.0,0.0	0.0,0.0	0.0,0.0	0.0,0.0	0.0,0.0	0.0,0.0	0.0,0.0	0.0,0.0	0.0,0.0	0.0,0.0	0.0,0.0	0.0,0.0	0.0,0.0	0.0,0.0	0.0,0.0	0.0,0.0	0.0,0.0	0.0,0.0	0.0,0.0	0.0,0.0	0.0,0.0	
9	0.0,46.022079999999406	0.0,45.01742666666614	0.0,44.02933333333279	0.0,43.01555999999941	0.0,42.01054666666615	0.0,41.03898666666608	0.0,40.0237866666662	0.0,39.0197066666662	0.0,38.02527999999953	0.0,37.02106666666611	0.0,36.03635999999943	0.0,35.02999999999938	0.0,34.028026666666065	0.0,33.02822666666608	0.0,32.02787999999943	0.0,31.025346666666152	0.0,30.040199999999377	0.0,29.02513333333274	0.0,28.032453333332732	0.0,27.00818666666608	0.0,26.029906666666125	0.0,25.032106666666046	0.0,24.02299999999943	0.0,23.025453333332848	0.0,0.0	0.0,0.0	0.0,0.0	0.0,0.0	0.0,0.0	0.0,0.0	0.0,0.0	0.0,0.0	0.0,0.0	0.0,0.0	0.0,0.0	0.0,0.0	0.0,0.0	0.0,0.0	0.0,0.0	0.0,0.0	0.0,0.0	0.0,0.0	0.0,0.0	0.0,0.0	0.0,0.0	0.0,0.0	0.0,0.0	0.0,0.0	0.0,0.0	0.0,0.0	0.0,0.0	
8	0.0,46.01838666666619	0.0,45.02130666666618	0.0,44.03245333333276	0.0,43.03106666666615	0.0,42.023506666666115	0.0,41.02530666666614	0.0,40.03086666666607	0.0,39.00806666666614	0.0,38.028946666666094	0.0,37.02427999999948	0.0,36.020493333332844	0.0,35.01354666666618	0.0,34.018199999999496	0.0,33.017799999999454	0.0,32.02157333333274	0.0,31.018199999999453	0.0,30.01887999999945	0.0,29.037159999999382	0.0,28.019333333332817	0.0,27.02311999999943	0.0,26.020333333332736	0.0,25.02538666666614	0.0,24.014666666666216	0.0,23.027213333332814	0.0,0.0	0.0,0.0	0.0,0.0	0.0,0.0	0.0,0.0	0.0,0.0	0.0,0.0	0.0,0.0	0.0,0.0	0.0,0.0	0.0,0.0	0.0,0.0	0.0,0.0	0.0,0.0	0.0,0.0	0.0,0.0	0.0,0.0	0.0,0.0	0.0,0.0	0.0,0.0	0.0,0.0	0.0,0.0	0.0,0.0	0.0,0.0	0.0,0.0	0.0,0.0	0.0,0.0	
7	0.0,46.03887999999935	0.0,45.0253466666661	0.0,44.02349333333268	0.0,43.023093333332845	0.0,42.033733333332776	0.0,41.02806666666612	0.0,40.02650666666611	0.0,39.02185333333284	0.0,38.02285333333271	0.0,37.01025333333283	0.0,36.03583999999938	0.0,35.01926666666603	0.0,34.03201333333276	0.0,33.026746666666085	0.0,32.03006666666612	0.0,31.02057333333285	0.0,30.005346666666203	0.0,29.03018666666604	0.0,28.030586666666057	0.0,27.026893333332758	0.0,26.028613333332743	0.0,25.0219199999994	0.0,24.024693333332763	0.0,23.016773333332818	0.0,0.0	0.0,0.0	0.0,0.0	0.0,0.0	0.0,0.0	0.0,0.0	0.0,0.0	0.0,0.0	0.0,0.0	0.0,0.0	0.0,0.0	0.0,0.0	0.0,0.0	0.0,0.0	0.0,0.0	0.0,0.0	0.0,0.0	0.0,0.0	0.0,0.0	0.0,0.0	0.0,0.0	0.0,0.0	0.0,0.0	0.0,0.0	0.0,0.0	0.0,0.0	0.0,0.0	
6	0.0,46.01365333333277	0.0,45.04123999999938	0.0,44.01495999999952	0.0,43.02666666666616	0.0,42.031306666666055	0.0,41.02583999999946	0.0,40.028306666666076	0.0,39.02898666666615	0.0,38.03853333333272	0.0,37.02061333333279	0.0,36.02338666666613	0.0,35.02149333333273	0.0,34.02529333333274	0.0,33.04097333333274	0.0,32.026799999999405	0.0,31.035293333332724	0.0,30.020039999999447	0.0,29.017746666666184	0.0,28.020786666666112	0.0,27.021559999999397	0.0,26.027413333332724	0.0,25.029426666666176	0.0,24.020199999999406	0.0,23.0191333333327	0.0,0.0	0.0,0.0	0.0,0.0	0.0,0.0	0.0,0.0	0.0,0.0	0.0,0.0	0.0,0.0	0.0,0.0	0.0,0.0	0.0,0.0	0.0,0.0	0.0,0.0	0.0,0.0	0.0,0.0	0.0,0.0	0.0,0.0	0.0,0.0	0.0,0.0	0.0,0.0	0.0,0.0	0.0,0.0	0.0,0.0	0.0,0.0	0.0,0.0	0.0,0.0	0.0,0.0	
5	0.0,46.03307999999939	0.0,45.022933333332766	0.0,44.02513333333276	0.0,43.025813333332735	0.0,42.03919999999937	0.0,41.03611999999946	0.0,40.025186666666094	0.0,39.025479999999405	0.0,38.02181333333275	0.0,37.029653333332725	0.0,36.03086666666607	0.0,35.02185333333278	0.0,34.013079999999455	0.0,33.02347999999945	0.0,32.02282666666609	0.0,31.019653333332805	0.0,30.029959999999424	0.0,29.037533333332718	0.0,28.027386666666047	0.0,27.046479999999384	0.0,26.030879999999392	0.0,25.030146666666056	0.0,24.021439999999384	0.0,23.01558666666618	0.0,0.0	0.0,0.0	0.0,0.0	0.0,0.0	0.0,0.0	0.0,0.0	0.0,0.0	0.0,0.0	0.0,0.0	0.0,0.0	0.0,0.0	0.0,0.0	0.0,0.0	0.0,0.0	0.0,0.0	0.0,0.0	0.0,0.0	0.0,0.0	0.0,0.0	0.0,0.0	0.0,0.0	0.0,0.0	0.0,0.0	0.0,0.0	0.0,0.0	0.0,0.0	0.0,0.0	
4	0.0,46.024253333332695	0.0,45.0376533333328	0.0,44.02047999999943	0.0,43.02473333333286	0.0,42.02061333333276	0.0,41.02203999999945	0.0,40.0375999999994	0.0,39.03042666666613	0.0,38.026893333332765	0.0,37.02177333333282	0.0,36.038319999999395	0.0,35.02301333333274	0.0,34.03761333333272	0.0,33.01474666666611	0.0,32.02678666666608	0.0,31.02803999999942	0.0,30.013346666666163	0.0,29.027653333332808	0.0,28.028773333332765	0.0,27.037586666666083	0.0,26.029293333332802	0.0,25.028386666666094	0.0,24.03431999999936	0.0,23.023973333332762	0.0,0.0	0.0,0.0	0.0,0.0	0.0,0.0	0.0,0.0	0.0,0.0	0.0,0.0	0.0,0.0	0.0,0.0	0.0,0.0	0.0,0.0	0.0,0.0	0.0,0.0	0.0,0.0	0.0,0.0	0.0,0.0	0.0,0.0	0.0,0.0	0.0,0.0	0.0,0.0	0.0,0.0	0.0,0.0	0.0,0.0	0.0,0.0	0.0,0.0	0.0,0.0	0.0,0.0	
3	23.023626666666093,46.02362666666609	23.02259999999944,45.02259999999944	23.017919999999386,44.017919999999386	23.020013333332788,43.020013333332784	23.02458666666608,42.02458666666608	23.02062666666615,41.020626666666146	23.033626666666084,40.03362666666608	23.03274666666604,39.03274666666604	23.022426666666078,38.02242666666608	23.020919999999368,37.020919999999364	23.027586666666068,36.02758666666607	23.03854666666609,35.03854666666609	23.02334666666607,34.02334666666607	23.028133333332725,33.028133333332725	23.024506666666124,32.02450666666613	23.024986666666152,31.024986666666152	23.032733333332697,30.032733333332697	23.031466666666116,29.031466666666116	23.03653333333267,28.03653333333267	23.021039999999438,27.021039999999438	23.032359999999276,26.032359999999276	23.022133333332736,25.022133333332736	23.016906666666102,24.016906666666102	23.024853333332807,23.024853333332807	23.0409466666661,0.0	23.019386666666094,0.0	23.019533333332753,0.0	23.018959999999442,0.0	23.017333333332836,0.0	23.031813333332742,0.0	23.020306666666183,0.0	23.017373333332763,0.0	23.03511999999942,0.0	23.029119999999423,0.0	23.017026666666155,0.0	23.024346666666197,0.0	23.012373333332814,0.0	23.02554666666618,0.0	23.01694666666615,0.0	23.02869333333272,0.0	23.02641333333271,0.0	23.021826666665987,0.0	23.021173333332715,0.0	23.020666666666134,0.0	23.031999999999417,0.0	23.022399999999493,0.0	23.026119999999455,0.0	23.019493333332804,0.0	23.02939999999943,0.0	23.024933333332815,0.0	23.03118666666607,0.0	
2	24.037013333332737,46.03701333333274	24.03226666666607,45.032266666666075	24.028746666666134,44.02874666666614	24.030213333332778,43.03021333333278	24.024493333332753,42.02449333333276	24.028239999999396,41.0282399999994	24.02337333333275,40.02337333333275	24.02287999999943,39.02287999999943	24.031826666666138,38.031826666666134	24.040226666666094,37.04022666666609	24.03142666666615,36.03142666666615	24.01057333333275,35.01057333333275	24.029066666666186,34.02906666666618	24.01725333333285,33.017253333332846	24.024386666666146,32.024386666666146	24.022799999999428,31.022799999999428	24.029493333332688,30.029493333332688	24.01570666666609,29.01570666666609	24.040053333332693,28.040053333332693	24.01690666666611,27.01690666666611	24.018973333332713,26.018973333332713	24.02817333333274,25.02817333333274	24.0266799999994,24.0266799999994	24.02799999999939,23.02799999999939	24.024653333332743,0.0	24.0340933333327,0.0	24.019493333332733,0.0	24.02429333333269,0.0	24.026653333332828,0.0	24.031173333332788,0.0	24.017173333332725,0.0	24.043213333332737,0.0	24.02110666666607,0.0	24.028053333332732,0.0	24.023066666666068,0.0	24.02555999999945,0.0	24.02265333333273,0.0	24.028213333332747,0.0	24.030359999999384,0.0	24.025879999999436,0.0	24.023413333332776,0.0	24.02337333333277,0.0	24.033453333332723,0.0	24.018826666666133,0.0	24.02685333333278,0.0	24.01967999999945,0.0	24.018279999999443,0.0	24.007333333332866,0.0	24.031959999999458,0.0	24.011466666666124,0.0	24.020359999999414,0.0	
1	25.032426666666094,46.0324266666661	25.015026666666063,45.01502666666606	25.028533333332845,44.028533333332845	25.02186666666607,43.02186666666607	25.021999999999487,42.02199999999949	25.025306666666076,41.025306666666076	25.03219999999937,40.03219999999937	25.026279999999474,39.026279999999474	25.02457333333286,38.02457333333286	25.00978666666622,37.009786666666216	25.036133333332753,36.03613333333276	25.019173333332855,35.01917333333286	25.04333333333276,34.04333333333276	25.030653333332786,33.030653333332786	25.02221333333271,32.022213333332715	25.022413333332764,31.022413333332764	25.021373333332825,30.021373333332825	25.027413333332664,29.027413333332664	25.01950666666609,28.01950666666609	25.03009333333277,27.03009333333277	25.0098533333329,26.0098533333329	25.0101733333328,25.0101733333328	25.02325333333275,24.02325333333275	25.021439999999444,23.021439999999444	25.015786666666138,0.0	25.026213333332677,0.0	25.034226666666058,0.0	25.03578666666605,0.0	25.027599999999453,0.0	25.026826666666107,0.0	25.023746666666078,0.0	25.02081333333275,0.0	25.03182666666607,0.0	25.029453333332754,0.0	25.02214666666615,0.0	25.025173333332738,0.0	25.014239999999546,0.0	25.027279999999397,0.0	25.016599999999464,0.0	25.030133333332767,0.0	25.024626666666055,0.0	25.02666666666612,0.0	25.02801333333273,0.0	25.02175999999944,0.0	25.021186666666107,0.0	25.03002666666611,0.0	25.0166533333328,0.0	25.02266666666605,0.0	25.021173333332747,0.0	25.029319999999437,0.0	25.023906666666043,0.0	
0	26.02171999999949,46.02171999999949	26.024413333332866,45.024413333332866	26.024226666666163,44.024226666666166	26.02305333333276,43.02305333333276	26.027759999999418,42.02775999999942	26.029239999999387,41.02923999999939	26.029946666666113,40.02994666666611	26.020413333332762,39.02041333333276	26.024533333332776,38.024533333332776	26.025213333332815,37.025213333332815	26.015613333332794,36.015613333332794	26.031373333332784,35.03137333333278	26.024319999999424,34.02431999999942	26.017493333332688,33.01749333333269	26.02727999999943,32.02727999999943	26.03266666666613,31.03266666666613	26.02311999999948,30.02311999999948	26.031333333332753,29.031333333332753	26.017546666666064,28.017546666666064	26.025773333332666,27.025773333332666	26.029639999999397,26.029639999999397	26.016413333332842,25.016413333332842	26.01738666666614,24.01738666666614	26.026453333332725,23.026453333332725	26.024333333332823,0.0	26.02957333333277,0.0	26.02417333333275,0.0	26.009359999999475,0.0	26.024879999999417,0.0	26.02053333333277,0.0	26.01741333333282,0.0	26.029813333332733,0.0	26.02902666666608,0.0	26.033493333332736,0.0	26.023839999999435,0.0	26.028853333332798,0.0	26.01369333333278,0.0	26.044733333332708,0.0	26.03469333333276,0.0	26.0422933333327,0.0	26.026453333332718,0.0	26.031813333332767,0.0	26.027559999999454,0.0	26.021146666666155,0.0	26.032959999999434,0.0	26.01811999999943,0.0	26.02493333333274,0.0	26.023133333332677,0.0	26.033559999999454,0.0	26.018039999999473,0.0	26.01577333333286,0.0	
-1	27.03726666666605,46.03726666666605	27.030826666666083,45.03082666666609	27.0368133333327,44.0368133333327	27.01858666666603,43.01858666666603	27.0222533333329,42.0222533333329	27.01987999999947,41.019879999999475	27.024173333332794,40.0241733333328	27.023186666666106,39.023186666666106	27.025959999999348,38.025959999999344	27.016986666666163,37.01698666666616	27.032573333332717,36.03257333333272	27.026893333332715,35.026893333332715	27.023146666666136,34.023146666666136	27.008599999999596,33.008599999999596	27.016719999999566,32.016719999999566	27.025506666666146,31.025506666666146	27.016453333332798,30.016453333332798	27.023533333332807,29.023533333332807	27.028106666666112,28.028106666666112	27.0214666666661,27.0214666666661	27.00983999999948,26.00983999999948	27.0252933333328,25.0252933333328	27.019853333332758,24.019853333332758	27.022813333332774,23.022813333332774	27.031386666666062,0.0	27.027853333332807,0.0	27.03015999999941,0.0	27.023079999999407,0.0	27.012399999999428,0.0	27.035759999999417,0.0	27.03154666666613,0.0	27.04205333333266,0.0	27.0241866666661,0.0	27.021573333332768,0.0	27.033253333332752,0.0	27.040559999999402,0.0	27.030053333332692,0.0	27.02050666666611,0.0	27.022933333332702,0.0	27.023053333332765,0.0	27.02221333333273,0.0	27.022439999999456,0.0	27.015239999999405,0.0	27.034959999999423,0.0	27.028786666666086,0.0	27.030306666666092,0.0	27.024239999999423,0.0	27.02593333333279,0.0	27.035453333332725,0.0	27.027786666666156,0.0	27.031013333332744,0.0	
-2	28.03138666666608,46.03138666666608	28.038799999999412,45.03879999999941	28.015626666666066,44.015626666666066	28.029613333332705,43.029613333332705	28.024666666666093,42.02466666666609	28.025506666666093,41.02550666666609	28.03755999999936,40.03755999999936	28.03006666666616,39.03006666666616	28.02761333333276,38.02761333333276	28.0214666666661,37.0214666666661	28.02655999999945,36.02655999999945	28.032466666666103,35.0324666666661	28.027519999999427,34.02751999999943	28.022306666666157,33.022306666666154	28.03783999999934,32.037839999999335	28.01643999999946,31.01643999999946	28.03547999999945,30.03547999999945	28.030439999999373,29.030439999999373	28.024333333332738,28.024333333332738	28.045399999999447,27.045399999999447	28.033359999999462,26.033359999999462	28.02161333333281,25.02161333333281	28.021213333332824,24.021213333332824	28.02167999999943,23.02167999999943	28.02794666666612,0.0	28.01710666666614,0.0	28.0262533333328,0.0	28.03027999999943,0.0	28.026719999999415,0.0	28.022533333332817,0.0	28.015639999999458,0.0	28.02119999999938,0.0	28.027893333332734,0.0	28.021813333332677,0.0	28.022719999999424,0.0	28.014719999999507,0.0	28.021053333332805,0.0	28.01703999999948,0.0	28.036559999999355,0.0	28.029079999999443,0.0	28.024306666666103,0.0	28.02099999999952,0.0	28.034546666666074,0.0	28.019879999999425,0.0	28.033533333332716,0.0	28.02649333333283,0.0	28.017893333332818,0.0	28.024653333332765,0.0	28.023173333332796,0.0	28.029226666666084,0.0	28.01754666666617,0.0	
-3	29.026906666666086,46.026906666666086	29.0216266666661,45.0216266666661	29.028533333332728,44.02853333333273	29.02705333333272,43.02705333333272	29.019919999999424,42.01991999999942	29.031319999999386,41.03131999999938	29.01435999999952,40.01435999999952	29.037573333332723,39.03757333333272	29.02083999999937,38.02083999999937	29.01806666666608,37.01806666666608	29.025706666666203,36.0257066666662	29.02530666666616,35.02530666666616	29.039053333332703,34.0390533333327	29.026746666666096,33.0267466666661	29.021986666666113,32.02198666666611	29.02303999999946,31.02303999999946	29.020546666666178,30.020546666666178	29.03009333333272,29.03009333333272	29.02990666666611,28.02990666666611	29.02867999999939,27.02867999999939	29.031666666666002,26.031666666666002	29.025799999999496,25.025799999999496	29.018053333332738,24.018053333332738	29.03375999999938,23.03375999999938	29.024133333332834,0.0	29.02071999999942,0.0	29.032679999999388,0.0	29.026266666666103,0.0	29.020293333332823,0.0	29.029879999999416,0.0	29.01178666666621,0.0	29.02167999999942,0.0	29.02302666666612,0.0	29.02007999999949,0.0	29.030546666666122,0.0	29.026239999999472,0.0	29.02174666666614,0.0	29.02629333333272,0.0	29.018199999999496,0.0	29.02946666666606,0.0	29.02475999999942,0.0	29.029639999999418,0.0	29.03454666666603,0.0	29.02753333333283,0.0	29.026133333332787,0.0	29.026973333332727,0.0	29.017093333332763,0.0	29.033599999999417,0.0	29.035613333332712,0.0	29.011026666666115,0.0	29.020826666666142,0.0	
-4	30.026213333332713,46.02621333333271	30.03821333333276,45.03821333333276	30.018479999999492,44.01847999999949	30.03395999999944,43.03395999999944	30.02045333333278,42.02045333333278	30.008493333332815,41.008493333332815	30.041906666666065,40.041906666666065	30.02854666666608,39.02854666666608	30.03091999999944,38.03091999999944	30.02919999999949,37.02919999999949	30.0267333333328,36.0267333333328	30.02465333333275,35.02465333333275	30.028626666666224,34.02862666666623	30.034466666666088,33.03446666666609	30.018973333332834,32.01897333333284	30.02654666666613,31.02654666666613	30.023986666666122,30.023986666666122	30.022253333332763,29.022253333332763	30.027213333332735,28.027213333332735	30.032279999999393,27.032279999999393	30.030546666666034,26.030546666666034	30.02435999999942,25.02435999999942	30.047919999999337,24.047919999999337	30.026253333332853,23.026253333332853	30.02586666666611,0.0	30.011159999999496,0.0	30.02754666666611,0.0	30.028973333332758,0.0	30.018613333332823,0.0	30.036093333332722,0.0	30.019306666666076,0.0	30.019866666666104,0.0	30.030213333332775,0.0	30.028853333332687,0.0	30.032786666666066,0.0	30.021906666666183,0.0	30.018106666666043,0.0	30.022266666666063,0.0	30.032746666666142,0.0	30.025319999999418,0.0	30.01478666666614,0.0	30.02117333333281,0.0	30.028866666666147,0.0	30.034879999999397,0.0	30.03155999999945,0.0	30.01730666666612,0.0	30.027999999999423,0.0	30.0333066666661,0.0	30.02530666666612,0.0	30.02883999999943,0.0	30.020639999999393,0.0	
-5	31.034839999999438,46.034839999999434	31.037946666666112,45.037946666666116	31.02274666666613,44.02274666666613	31.01687999999942,43.01687999999942	31.018346666666133,42.01834666666613	31.03313333333277,41.03313333333277	31.03329333333268,40.03329333333268	31.026439999999425,39.026439999999425	31.020159999999485,38.020159999999485	31.03678666666608,37.03678666666608	31.025159999999488,36.02515999999949	31.00919999999946,35.00919999999946	31.016306666666104,34.016306666666104	31.021879999999488,33.021879999999484	31.026466666666042,32.02646666666604	31.01019999999946,31.01019999999946	31.027893333332827,30.027893333332827	31.028159999999403,29.028159999999403	31.020746666666078,28.020746666666078	31.01650666666612,27.01650666666612	31.024973333332678,26.024973333332678	31.02398666666611,25.02398666666611	31.020173333332814,24.020173333332814	31.024319999999513,23.024319999999513	31.01767999999941,0.0	31.020866666666155,0.0	31.02534666666604,0.0	31.033946666666125,0.0	31.026079999999396,0.0	31.029506666666123,0.0	31.028759999999476,0.0	31.02466666666607,0.0	31.035959999999385,0.0	31.024813333332748,0.0	31.02427999999947,0.0	31.027946666666104,0.0	31.020546666666135,0.0	31.0202533333328,0.0	31.02437333333279,0.0	31.042266666666066,0.0	31.021199999999382,0.0	31.026546666666043,0.0	31.01665333333284,0.0	31.025866666666097,0.0	31.034653333332734,0.0	31.01969333333276,0.0	31.017653333332753,0.0	31.034533333332767,0.0	31.019959999999447,0.0	31.034306666666076,0.0	31.030573333332683,0.0	
-6	32.028853333332705,46.028853333332705	32.02438666666613,45.02438666666613	32.023039999999476,44.023039999999476	32.01678666666609,43.01678666666609	32.03415999999942,42.03415999999942	32.01015999999945,41.01015999999945	32.032199999999406,40.032199999999406	32.02651999999942,39.02651999999942	32.021826666666094,38.021826666666094	32.02602666666607,37.02602666666607	32.028373333332766,36.028373333332766	32.02461333333283,35.02461333333283	32.02729333333269,34.02729333333269	32.01969333333282,33.01969333333282	32.01409333333275,32.01409333333275	32.02609333333274,31.02609333333274	32.025879999999376,30.025879999999376	32.01921333333283,29.01921333333283	32.02501333333276,28.02501333333276	32.02210666666615,27.022106666666147	32.02881333333275,26.028813333332753	32.02791999999938,25.027919999999387	32.02357333333275,24.02357333333275	32.02918666666611,23.02918666666611	32.0139333333329,0.0	32.02455999999938,0.0	32.02777333333278,0.0	32.02245333333275,0.0	32.01147999999949,0.0	32.049706666666026,0.0	32.03135999999934,0.0	32.02613333333271,0.0	32.03103999999949,0.0	32.02170666666607,0.0	32.025733333332795,0.0	32.03518666666611,0.0	32.01483999999938,0.0	32.02490666666604,0.0	32.03914666666603,0.0	32.02779999999942,0.0	32.02097333333276,0.0	32.02193333333283,0.0	32.01215999999944,0.0	32.03481333333276,0.0	32.024693333332706,0.0	32.006733333332804,0.0	32.03185333333272,0.0	32.02554666666606,0.0	32.0185866666661,0.0	32.02403999999943,0.0	32.033106666666065,0.0	
-7	33.01943999999942,46.01943999999942	33.028426666666114,45.028426666666114	33.030706666666106,44.030706666666106	33.012279999999485,43.012279999999485	33.01925333333277,42.01925333333277	33.02829333333278,41.02829333333278	33.037013333332695,40.037013333332695	33.017266666666075,39.017266666666075	33.01561333333278,38.01561333333278	33.021839999999415,37.021839999999415	33.03569333333277,36.03569333333277	33.0196133333328,35.0196133333328	33.01813333333284,34.01813333333284	33.01815999999946,33.01815999999946	33.01814666666614,32.01814666666614	33.02395999999946,31.02395999999946	33.024333333332706,30.02433333333271	33.023879999999444,29.023879999999444	33.0287199999994,28.028719999999403	33.01358666666614,27.013586666666143	33.02558666666613,26.025586666666126	33.0271733333328,25.027173333332797	33.022639999999456,24.02263999999946	33.03065333333273,23.03065333333273	33.02662666666613,0.0	33.02631999999946,0.0	33.023826666666125,0.0	33.02303999999951,0.0	33.0346533333327,0.0	33.01749333333273,0.0	33.019746666666165,0.0	33.04278666666609,0.0	33.03281333333275,0.0	33.02418666666614,0.0	33.01793333333285,0.0	33.01519999999946,0.0	33.02177333333272,0.0	33.02409333333277,0.0	33.01517333333283,0.0	33.030226666666024,0.0	33.02290666666608,0.0	33.02433333333287,0.0	33.02495999999945,0.0	33.03173333333278,0.0	33.02429333333272,0.0	33.016333333332796,0.0	33.02787999999943,0.0	33.01345333333285,0.0	33.03398666666608,0.0	33.0247866666661,0.0	33.02345333333275,0.0	
-8	34.03686666666606,46.03686666666606	34.03341333333275,45.03341333333275	34.01942666666608,44.01942666666608	34.01910666666615,43.01910666666615	34.02723999999941,42.02723999999941	34.02881333333282,41.02881333333282	34.02663999999941,40.02663999999941	34.02538666666605,39.02538666666605	34.02854666666608,38.02854666666608	34.0373066666661,37.0373066666661	34.04085333333276,36.04085333333276	34.023079999999474,35.023079999999474	34.0319199999994,34.0319199999994	34.02853333333278,33.02853333333278	34.027959999999396,32.027959999999396	34.015719999999575,31.015719999999575	34.01843999999945,30.01843999999945	34.028106666666076,29.02810666666608	34.01898666666608,28.018986666666084	34.02227999999947,27.022279999999466	34.016693333332796,26.016693333332796	34.02035999999946,25.020359999999457	34.02450666666624,24.024506666666237	34.02257333333269,23.02257333333269	34.018426666666166,0.0	34.039706666666085,0.0	34.01731999999946,0.0	34.03039999999942,0.0	34.01377333333281,0.0	34.036133333332714,0.0	34.0238533333327,0.0	34.03385333333271,0.0	34.0277199999994,0.0	34.026933333332806,0.0	34.030453333332666,0.0	34.02411999999941,0.0	34.02519999999937,0.0	34.026239999999376,0.0	34.03119999999948,0.0	34.02358666666608,0.0	34.016813333332706,0.0	34.03487999999932,0.0	34.02981333333277,0.0	34.01574666666611,0.0	34.0191733333328,0.0	34.02581333333276,0.0	34.02267999999942,0.0	34.0259199999995,0.0	34.03047999999938,0.0	34.02810666666614,0.0	34.02629333333276,0.0	
-9	35.03554666666605,46.03554666666605	35.03407999999932,45.03407999999932	35.023586666666,44.023586666666	35.02357333333278,43.02357333333278	35.0241733333328,42.0241733333328	35.02678666666613,41.02678666666613	35.02126666666606,40.02126666666606	35.02274666666608,39.02274666666608	35.028919999999395,38.028919999999395	35.01801333333277,37.01801333333277	35.02065333333277,36.02065333333277	35.02611999999945,35.02611999999945	35.02443999999948,34.02443999999948	35.02251999999952,33.02251999999952	35.03106666666615,32.03106666666615	35.0286533333328,31.0286533333328	35.025546666666095,30.025546666666095	35.02203999999938,29.022039999999382	35.01745333333283,28.01745333333283	35.01526666666619,27.015266666666196	35.023119999999516,26.023119999999516	35.02745333333279,25.027453333332783	35.01287999999947,24.01287999999947	35.033399999999354,23.033399999999354	35.011173333332806,0.0	35.03086666666611,0.0	35.027573333332796,0.0	35.029933333332764,0.0	35.01071999999949,0.0	35.024133333332784,0.0	35.02751999999943,0.0	35.017599999999426,0.0	35.03314666666604,0.0	35.01366666666624,0.0	35.03235999999944,0.0	35.02837333333271,0.0	35.03843999999932,0.0	35.031333333332796,0.0	35.023119999999466,0.0	35.012026666666145,0.0	35.020826666666146,0.0	35.025533333332746,0.0	35.02967999999948,0.0	35.03362666666611,0.0	35.0164533333328,0.0	35.01873333333281,0.0	35.019773333332736,0.0	35.042546666666155,0.0	35.031133333332704,0.0	35.02338666666612,0.0	35.03685333333273,0.0	
-10	36.02593333333279,46.02593333333279	36.028186666666066,45.028186666666066	36.024426666666116,44.024426666666116	36.02570666666601,43.02570666666601	36.0313333333328,42.0313333333328	36.038213333332756,41.038213333332756	36.03077333333275,40.03077333333275	36.02639999999943,39.02639999999943	36.03175999999945,38.03175999999945	36.02345333333276,37.02345333333276	36.0211866666661,36.0211866666661	36.01163999999953,35.01163999999953	36.03223999999938,34.03223999999938	36.03539999999943,33.03539999999943	36.03811999999945,32.03811999999945	36.03003999999947,31.030039999999467	36.02598666666613,30.025986666666125	36.024453333332794,29.024453333332794	36.034413333332736,28.034413333332736	36.02602666666607,27.026026666666066	36.030759999999354,26.030759999999354	36.01007999999948,25.010079999999483	36.03265333333275,24.032653333332753	36.02354666666613,23.023546666666128	36.025626666666106,0.0	36.02277333333288,0.0	36.02034666666618,0.0	36.02370666666607,0.0	36.03879999999941,0.0	36.03881333333278,0.0	36.02611999999944,0.0	36.02882666666607,0.0	36.03557333333274,0.0	36.02073333333284,0.0	36.027866666666064,0.0	36.03174666666599,0.0	36.03447999999939,0.0	36.0356666666661,0.0	36.02366666666609,0.0	36.036439999999374,0.0	36.02006666666612,0.0	36.02438666666613,0.0	36.031613333332814,0.0	36.030546666666055,0.0	36.02086666666612,0.0	36.02045333333281,0.0	36.03283999999943,0.0	36.02909333333276,0.0	36.02395999999945,0.0	36.029453333332754,0.0	36.022013333332765,0.0	
-11	37.03145333333278,46.03145333333278	37.025853333332805,45.025853333332805	37.036213333332746,44.036213333332746	37.02310666666608,43.02310666666608	37.02879999999945,42.02879999999945	37.032106666666095,41.032106666666095	37.02393333333275,40.02393333333275	37.00894666666619,39.00894666666619	37.022973333332686,38.022973333332686	37.02921333333273,37.02921333333273	37.025186666666144,36.025186666666144	37.018026666666174,35.018026666666174	37.02065333333272,34.02065333333272	37.03259999999942,33.03259999999942	37.01415999999952,32.01415999999952	37.033453333332716,31.033453333332716	37.036026666666,30.036026666665997	37.02202666666611,29.022026666666108	37.031453333332834,28.03145333333283	37.01143999999944,27.01143999999944	37.02577333333277,26.025773333332772	37.033533333332784,25.033533333332784	37.02983999999938,24.02983999999938	37.023106666666095,23.023106666666095	37.01611999999945,0.0	37.03551999999934,0.0	37.029306666666116,0.0	37.040453333332756,0.0	37.03217333333271,0.0	37.032599999999455,0.0	37.02045333333277,0.0	37.02087999999945,0.0	37.018653333332814,0.0	37.0279333333328,0.0	37.02087999999944,0.0	37.024786666666074,0.0	37.02091999999948,0.0	37.02621333333282,0.0	37.01999999999953,0.0	37.01583999999943,0.0	37.032706666666044,0.0	37.029506666665995,0.0	37.02670666666607,0.0	37.02795999999944,0.0	37.0296533333328,0.0	37.03295999999949,0.0	37.01639999999944,0.0	37.01822666666614,0.0	37.022186666666165,0.0	37.01450666666608,0.0	37.02141333333277,0.0	
-12	38.02263999999947,46.02263999999947	38.02666666666612,45.02666666666612	38.02306666666611,44.02306666666611	38.015106666666135,43.015106666666135	38.032879999999366,42.032879999999366	38.023946666666106,41.023946666666106	38.035866666666045,40.035866666666045	38.02982666666608,39.02982666666608	38.013506666666174,38.013506666666174	38.018279999999436,37.018279999999436	38.028239999999386,36.028239999999386	38.03078666666614,35.03078666666614	38.03774666666608,34.03774666666608	38.027346666666084,33.027346666666084	38.01423999999943,32.01423999999943	38.02913333333281,31.029133333332812	38.02829333333278,30.02829333333278	38.0249466666661,29.024946666666093	38.01527999999958,28.01527999999958	38.02690666666611,27.026906666666108	38.01566666666609,26.015666666666096	38.03079999999936,25.03079999999936	38.03471999999938,24.034719999999382	38.028119999999404,23.028119999999408	38.02330666666616,0.0	38.02261333333274,0.0	38.026573333332756,0.0	38.02375999999944,0.0	38.02934666666608,0.0	38.020959999999484,0.0	38.0191733333328,0.0	38.02809333333273,0.0	38.03918666666608,0.0	38.04343999999947,0.0	38.02135999999936,0.0	38.02331999999944,0.0	38.034813333332735,0.0	38.02717333333263,0.0	38.016426666665986,0.0	38.02982666666617,0.0	38.034746666666074,0.0	38.02502666666612,0.0	38.01950666666613,0.0	38.015306666666184,0.0	38.02761333333282,0.0	38.02677333333281,0.0	38.036346666666084,0.0	38.01503999999945,0.0	38.03539999999942,0.0	38.0244399999994,0.0	38.02214666666611,0.0	
-13	39.02637333333274,46.02637333333274	39.01999999999946,45.01999999999946	39.03627999999938,44.03627999999938	39.030866666666086,43.030866666666086	39.0308666666661,42.0308666666661	39.03369333333272,41.03369333333272	39.045226666666,40.045226666666	39.02273333333287,39.02273333333287	39.02165333333276,38.02165333333276	39.02875999999939,37.02875999999939	39.0273466666661,36.0273466666661	39.017279999999495,35.017279999999495	39.026319999999444,34.026319999999444	39.026119999999466,33.026119999999466	39.01701333333283,32.01701333333283	39.03787999999933,31.037879999999333	39.022359999999495,30.02235999999949	39.029306666666066,29.029306666666066	39.014906666666135,28.014906666666135	39.02346666666622,27.02346666666622	39.024319999999356,26.024319999999356	39.03429333333267,25.03429333333267	39.02111999999942,24.02111999999942	39.03165333333273,23.03165333333273	39.01943999999942,0.0	39.03389333333274,0.0	39.02349333333283,0.0	39.02441333333283,0.0	39.021479999999414,0.0	39.009999999999515,0.0	39.03342666666604,0.0	39.01675999999948,0.0	39.0153733333328,0.0	39.021999999999466,0.0	39.020213333332805,0.0	39.020786666666126,0.0	39.025519999999446,0.0	39.02475999999947,0.0	39.02430666666612,0.0	39.03081333333276,0.0	39.03203999999942,0.0	39.02050666666605,0.0	39.03935999999938,0.0	39.03394666666604,0.0	39.02859999999935,0.0	39.028213333332744,0.0	39.030146666666056,0.0	39.016586666666136,0.0	39.02486666666609,0.0	39.035199999999435,0.0	39.01737333333279,0.0	
-14	40.03407999999942,46.03407999999942	40.03259999999935,45.03259999999935	40.02481333333277,44.02481333333277	40.015053333332844,43.015053333332844	40.02159999999947,42.02159999999947	40.03001333333279,41.03001333333279	40.00673333333283,40.00673333333283	40.0291333333327,39.0291333333327	40.03487999999943,38.03487999999943	40.03025333333277,37.03025333333277	40.02707999999943,36.02707999999943	40.02697333333279,35.02697333333279	40.0192399999994,34.0192399999994	40.02349333333274,33.02349333333274	40.02358666666616,32.02358666666616	40.01410666666616,31.01410666666616	40.02563999999934,30.025639999999346	40.028199999999416,29.02819999999942	40.015706666666134,28.01570666666613	40.02251999999947,27.022519999999467	40.02167999999942,26.021679999999424	40.0293999999994,25.029399999999402	40.021026666666074,24.021026666666074	40.00605333333281,23.006053333332808	40.03131999999937,0.0	40.03734666666601,0.0	40.02675999999941,0.0	40.027653333332694,0.0	40.022679999999426,0.0	40.0315999999994,0.0	40.032973333332684,0.0	40.022039999999464,0.0	40.02069333333276,0.0	40.01861333333288,0.0	40.03721333333276,0.0	40.02045333333281,0.0	40.026039999999426,0.0	40.0286933333327,0.0	40.01385333333286,0.0	40.01669333333274,0.0	40.01962666666611,0.0	40.027999999999395,0.0	40.02651999999938,0.0	40.02202666666615,0.0	40.035306666666045,0.0	40.034399999999415,0.0	40.02787999999943,0.0	40.01862666666617,0.0	40.02962666666612,0.0	40.02425333333278,0.0	40.01865333333281,0.0	
-15	41.02343999999942,46.02343999999942	41.03910666666606,45.03910666666606	41.0286533333327,44.0286533333327	41.02718666666612,43.02718666666612	41.037559999999345,42.037559999999345	41.03499999999953,41.03499999999953	41.010866666666104,40.010866666666104	41.01999999999946,39.01999999999946	41.031573333332794,38.031573333332794	41.02233333333277,37.02233333333277	41.02625333333275,36.02625333333275	41.023906666666065,35.023906666666065	41.029386666666056,34.029386666666056	41.026893333332794,33.026893333332794	41.021506666666085,32.021506666666085	41.03526666666605,31.03526666666605	41.029359999999386,30.029359999999386	41.01222666666614,29.01222666666614	41.01545333333284,28.015453333332843	41.01878666666612,27.01878666666612	41.034733333332795,26.034733333332795	41.03903999999944,25.03903999999944	41.024559999999425,24.024559999999425	41.04117333333273,23.04117333333273	41.01859999999942,0.0	41.01849333333266,0.0	41.021119999999506,0.0	41.02871999999944,0.0	41.03787999999942,0.0	41.021133333332834,0.0	41.03222666666613,0.0	41.02747999999947,0.0	41.03291999999944,0.0	41.02305333333279,0.0	41.0180933333328,0.0	41.048933333332684,0.0	41.023599999999504,0.0	41.03534666666607,0.0	41.01555999999944,0.0	41.033306666666114,0.0	41.028759999999394,0.0	41.027879999999485,0.0	41.02549333333283,0.0	41.02558666666613,0.0	41.03595999999935,0.0	41.031226666666086,0.0	41.01299999999946,0.0	41.02970666666609,0.0	41.01955999999948,0.0	41.02411999999944,0.0	41.03155999999945,0.0	
-16	42.0333466666661,46.0333466666661	42.03179999999939,45.03179999999939	42.01317333333282,44.01317333333282	42.027653333332694,43.027653333332694	42.02258666666613,42.02258666666613	42.02775999999949,41.02775999999949	42.02383999999941,40.02383999999941	42.02563999999951,39.02563999999951	42.03610666666604,38.03610666666604	42.02343999999941,37.02343999999941	42.021306666666085,36.021306666666085	42.02274666666614,35.02274666666614	42.02266666666614,34.02266666666614	42.029093333332796,33.029093333332796	42.024253333332815,32.024253333332815	42.01933333333274,31.01933333333274	42.02229333333273,30.022293333332733	42.01218666666612,29.012186666666118	42.0329999999994,28.032999999999397	42.02586666666606,27.025866666666065	42.0158399999994,26.0158399999994	42.01189333333279,25.011893333332793	42.024013333332775,24.024013333332775	42.02963999999943,23.029639999999432	42.03311999999936,0.0	42.02189333333273,0.0	42.035586666665985,0.0	42.02097333333276,0.0	42.01491999999945,0.0	42.03519999999936,0.0	42.028826666666134,0.0	42.021173333332776,0.0	42.01353333333276,0.0	42.02338666666614,0.0	42.03209333333273,0.0	42.0248266666661,0.0	42.02327999999959,0.0	42.022733333332795,0.0	42.028133333332775,0.0	42.03751999999936,0.0	42.02459999999936,0.0	42.02471999999943,0.0	42.01614666666613,0.0	42.03138666666609,0.0	42.03787999999937,0.0	42.0215599999994,0.0	42.021866666666085,0.0	42.02073333333278,0.0	42.03035999999939,0.0	42.027226666666124,0.0	42.024626666666094,0.0	
-17	43.024773333332796,46.024773333332796	43.01829333333281,45.01829333333281	43.01553333333272,44.01553333333272	43.0175866666662,43.0175866666662	43.02162666666609,42.02162666666609	43.01331999999948,41.01331999999948	43.02538666666603,40.02538666666603	43.02390666666607,39.02390666666607	43.02711999999937,38.02711999999937	43.01333333333284,37.01333333333284	43.019266666666184,36.019266666666184	43.031573333332716,35.031573333332716	43.02719999999943,34.02719999999943	43.02087999999944,33.02087999999944	43.01557333333274,32.01557333333274	43.032626666666076,31.032626666666076	43.033786666666074,30.033786666666074	43.0243866666661,29.0243866666661	43.02767999999942,28.027679999999425	43.027733333332755,27.027733333332755	43.02505333333282,26.02505333333282	43.029266666666075,25.02926666666607	43.02966666666612,24.02966666666612	43.028106666666105,23.028106666666105	43.0300399999994,0.0	43.02998666666605,0.0	43.028986666666086,0.0	43.016279999999526,0.0	43.017159999999365,0.0	43.0170399999995,0.0	43.02994666666615,0.0	43.02974666666605,0.0	43.02435999999943,0.0	43.02142666666613,0.0	43.02801333333274,0.0	43.02825333333268,0.0	43.0253199999995,0.0	43.023906666666065,0.0	43.020839999999325,0.0	43.01854666666609,0.0	43.02649333333268,0.0	43.03183999999946,0.0	43.027226666666046,0.0	43.02494666666611,0.0	43.034333333332754,0.0	43.014186666666134,0.0	43.01305333333282,0.0	43.03107999999936,0.0	43.03681333333269,0.0	43.02318666666614,0.0	43.02751999999943,0.0	
-18	44.02751999999943,46.02751999999943	44.011066666666146,45.011066666666146	44.01822666666605,44.01822666666605	44.027639999999465,43.027639999999465	44.033279999999486,42.033279999999486	44.02771999999938,41.02771999999938	44.014253333332775,40.014253333332775	44.026293333332774,39.026293333332774	44.021093333332736,38.021093333332736	44.02942666666607,37.02942666666607	44.02271999999952,36.02271999999952	44.01810666666613,35.01810666666613	44.02499999999941,34.02499999999941	44.01287999999937,33.01287999999937	44.02697333333283,32.02697333333283	44.02617333333274,31.026173333332743	44.0302266666661,30.030226666666103	44.01966666666611,29.019666666666108	44.02434666666607,28.02434666666607	44.01890666666612,27.01890666666612	44.02001333333275,26.02001333333275	44.024013333332896,25.024013333332896	44.03111999999938,24.031119999999383	44.02962666666615,23.029626666666143	44.01758666666624,0.0	44.03586666666601,0.0	44.03365333333268,0.0	44.01362666666615,0.0	44.0361199999994,0.0	44.03458666666608,0.0	44.034986666666086,0.0	44.02219999999939,0.0	44.01865333333281,0.0	44.01282666666618,0.0	44.030359999999334,0.0	44.02645333333286,0.0	44.03142666666607,0.0	44.016879999999496,0.0	44.022479999999405,0.0	44.01427999999953,0.0	44.03459999999939,0.0	44.03353333333284,0.0	44.035626666666104,0.0	44.02646666666612,0.0	44.013999999999534,0.0	44.020733333332835,0.0	44.01915999999949,0.0	44.02097333333271,0.0	44.02495999999942,0.0	44.0113466666661,0.0	44.04218666666605,0.0	
-19	45.0273866666661,46.0273866666661	45.02058666666619,45.02058666666619	45.03534666666599,44.03534666666599	45.02546666666614,43.02546666666614	45.01967999999946,42.01967999999946	45.029639999999404,41.029639999999404	45.02473333333283,40.02473333333283	45.02559999999938,39.02559999999938	45.027093333332814,38.027093333332814	45.02757333333276,37.02757333333276	45.02414666666604,36.02414666666604	45.02902666666619,35.02902666666619	45.029426666666104,34.029426666666104	45.02223999999949,33.02223999999949	45.03381333333273,32.03381333333273	45.016586666666164,31.016586666666164	45.01831999999949,30.01831999999949	45.02862666666612,29.02862666666612	45.02706666666608,28.02706666666608	45.02705333333276,27.02705333333276	45.01907999999949,26.01907999999949	45.02153333333272,25.02153333333272	45.03357333333273,24.033573333332733	45.031919999999396,23.031919999999396	45.028266666666106,0.0	45.03146666666602,0.0	45.009039999999516,0.0	45.01959999999948,0.0	45.018133333332834,0.0	45.03218666666608,0.0	45.03161333333276,0.0	45.03093333333278,0.0	45.01887999999947,0.0	45.016959999999486,0.0	45.03953333333274,0.0	45.021973333332795,0.0	45.02677333333279,0.0	45.03173333333273,0.0	45.02606666666609,0.0	45.019666666666225,0.0	45.022959999999415,0.0	45.02205333333282,0.0	45.02835999999948,0.0	45.02567999999948,0.0	45.03035999999944,0.0	45.03211999999945,0.0	45.01369333333276,0.0	45.0140266666661,0.0	45.023733333332814,0.0	45.022239999999485,0.0	45.01934666666611,0.0	
-20	46.01125333333281,46.01125333333281	46.021853333332736,45.021853333332736	46.037919999999346,44.037919999999346	46.01953333333276,43.01953333333276	46.02823999999938,42.02823999999938	46.012253333332815,41.012253333332815	46.03498666666606,40.03498666666606	46.022879999999404,39.022879999999404	46.036346666666034,38.036346666666034	45.99626666666627,36.99626666666627	46.02383999999947,36.02383999999947	46.045533333332685,35.045533333332685	46.028866666666104,34.028866666666104	46.037453333332735,33.037453333332735	46.00941333333287,32.00941333333287	46.02003999999946,31.02003999999946	46.02790666666618,30.027906666666183	46.00911999999949,29.00911999999949	46.03131999999946,28.03131999999946	46.0292266666661,27.029226666666098	46.03178666666615,26.031786666666154	46.020879999999416,25.020879999999416	46.0168399999995,24.016839999999497	46.03333333333278,23.03333333333278	46.02406666666609,0.0	46.02662666666604,0.0	46.02810666666615,0.0	46.0319733333327,0.0	46.032786666666105,0.0	46.021586666666096,0.0	46.02601333333277,0.0	46.025266666666084,0.0	46.04017333333273,0.0	46.02651999999949,0.0	46.03691999999933,0.0	46.03514666666605,0.0	46.02110666666604,0.0	46.018453333332886,0.0	46.01993333333279,0.0	46.028119999999404,0.0	46.02779999999937,0.0	46.01719999999941,0.0	46.02834666666608,0.0	46.033813333332716,0.0	46.03421333333272,0.0	46.01714666666621,0.0	46.020613333332825,0.0	46.01347999999951,0.0	46.0214799999995,0.0	46.01203999999946,0.0	46.02979999999936,0.0	

