[-10, -10]	[16, 16]	
[-10, -9]	[16, 15]	
[-10, -8]	[16, 14]	
[-10, -7]	[16, 13]	
[-10, -6]	[16, 12]	
[-10, -5]	[16, 11]	
[-10, -4]	[16, 10]	
[-10, -3]	[16, 9]	
[-10, -2]	[16, 8]	
[-10, -1]	[16, 7]	
[-10, 0]	[16, 0]	
[-10, 1]	[16, 0]	
[-10, 2]	[16, 0]	
[-10, 3]	[16, 0]	
[-10, 4]	[16, 0]	
[-10, 5]	[16, 0]	
[-10, 6]	[16, 0]	
[-10, 7]	[16, 0]	
[-10, 8]	[16, 0]	
[-10, 9]	[16, 0]	
[-10, 10]	[16, 0]	
[-9, -10]	[15, 16]	
[-9, -9]	[15, 15]	
[-9, -8]	[15, 14]	
[-9, -7]	[15, 13]	
[-9, -6]	[15, 12]	
[-9, -5]	[15, 11]	
[-9, -4]	[15, 10]	
[-9, -3]	[15, 9]	
[-9, -2]	[15, 8]	
[-9, -1]	[15, 7]	
[-9, 0]	[15, 0]	
[-9, 1]	[15, 0]	
[-9, 2]	[15, 0]	
[-9, 3]	[15, 0]	
[-9, 4]	[15, 0]	
[-9, 5]	[15, 0]	
[-9, 6]	[15, 0]	
[-9, 7]	[15, 0]	
[-9, 8]	[15, 0]	
[-9, 9]	[15, 0]	
[-9, 10]	[15, 0]	
[-8, -10]	[14, 16]	
[-8, -9]	[14, 15]	
[-8, -8]	[14, 14]	
[-8, -7]	[14, 13]	
[-8, -6]	[14, 12]	
[-8, -5]	[14, 11]	
[-8, -4]	[14, 10]	
[-8, -3]	[14, 9]	
[-8, -2]	[14, 8]	
[-8, -1]	[14, 7]	
[-8, 0]	[14, 0]	
[-8, 1]	[14, 0]	
[-8, 2]	[14, 0]	
[-8, 3]	[14, 0]	
[-8, 4]	[14, 0]	
[-8, 5]	[14, 0]	
[-8, 6]	[14, 0]	
[-8, 7]	[14, 0]	
[-8, 8]	[14, 0]	
[-8, 9]	[14, 0]	
[-8, 10]	[14, 0]	
[-7, -10]	[13, 16]	
[-7, -9]	[13, 15]	
[-7, -8]	[13, 14]	
[-7, -7]	[13, 13]	
[-7, -6]	[13, 12]	
[-7, -5]	[13, 11]	
[-7, -4]	[13, 10]	
[-7, -3]	[13, 9]	
[-7, -2]	[13, 8]	
[-7, -1]	[13, 7]	
[-7, 0]	[13, 0]	
[-7, 1]	[13, 0]	
[-7, 2]	[13, 0]	
[-7, 3]	[13, 0]	
[-7, 4]	[13, 0]	
[-7, 5]	[13, 0]	
[-7, 6]	[13, 0]	
[-7, 7]	[13, 0]	
[-7, 8]	[13, 0]	
[-7, 9]	[13, 0]	
[-7, 10]	[13, 0]	
[-6, -10]	[12, 16]	
[-6, -9]	[12, 15]	
[-6, -8]	[12, 14]	
[-6, -7]	[12, 13]	
[-6, -6]	[12, 12]	
[-6, -5]	[12, 11]	
[-6, -4]	[12, 10]	
[-6, -3]	[12, 9]	
[-6, -2]	[12, 8]	
[-6, -1]	[12, 7]	
[-6, 0]	[12, 0]	
[-6, 1]	[12, 0]	
[-6, 2]	[12, 0]	
[-6, 3]	[12, 0]	
[-6, 4]	[12, 0]	
[-6, 5]	[12, 0]	
[-6, 6]	[12, 0]	
[-6, 7]	[12, 0]	
[-6, 8]	[12, 0]	
[-6, 9]	[12, 0]	
[-6, 10]	[12, 0]	
[-5, -10]	[11, 16]	
[-5, -9]	[11, 15]	
[-5, -8]	[11, 14]	
[-5, -7]	[11, 13]	
[-5, -6]	[11, 12]	
[-5, -5]	[11, 11]	
[-5, -4]	[11, 10]	
[-5, -3]	[11, 9]	
[-5, -2]	[11, 8]	
[-5, -1]	[11, 7]	
[-5, 0]	[11, 0]	
[-5, 1]	[11, 0]	
[-5, 2]	[11, 0]	
[-5, 3]	[11, 0]	
[-5, 4]	[11, 0]	
[-5, 5]	[11, 0]	
[-5, 6]	[11, 0]	
[-5, 7]	[11, 0]	
[-5, 8]	[11, 0]	
[-5, 9]	[11, 0]	
[-5, 10]	[11, 0]	
[-4, -10]	[10, 16]	
[-4, -9]	[10, 15]	
[-4, -8]	[10, 14]	
[-4, -7]	[10, 13]	
[-4, -6]	[10, 12]	
[-4, -5]	[10, 11]	
[-4, -4]	[10, 10]	
[-4, -3]	[10, 9]	
[-4, -2]	[10, 8]	
[-4, -1]	[10, 7]	
[-4, 0]	[10, 0]	
[-4, 1]	[10, 0]	
[-4, 2]	[10, 0]	
[-4, 3]	[10, 0]	
[-4, 4]	[10, 0]	
[-4, 5]	[10, 0]	
[-4, 6]	[10, 0]	
[-4, 7]	[10, 0]	
[-4, 8]	[10, 0]	
[-4, 9]	[10, 0]	
[-4, 10]	[10, 0]	
[-3, -10]	[9, 16]	
[-3, -9]	[9, 15]	
[-3, -8]	[9, 14]	
[-3, -7]	[9, 13]	
[-3, -6]	[9, 12]	
[-3, -5]	[9, 11]	
[-3, -4]	[9, 10]	
[-3, -3]	[9, 9]	
[-3, -2]	[9, 8]	
[-3, -1]	[9, 7]	
[-3, 0]	[9, 0]	
[-3, 1]	[9, 0]	
[-3, 2]	[9, 0]	
[-3, 3]	[9, 0]	
[-3, 4]	[9, 0]	
[-3, 5]	[9, 0]	
[-3, 6]	[9, 0]	
[-3, 7]	[9, 0]	
[-3, 8]	[9, 0]	
[-3, 9]	[9, 0]	
[-3, 10]	[9, 0]	
[-2, -10]	[8, 16]	
[-2, -9]	[8, 15]	
[-2, -8]	[8, 14]	
[-2, -7]	[8, 13]	
[-2, -6]	[8, 12]	
[-2, -5]	[8, 11]	
[-2, -4]	[8, 10]	
[-2, -3]	[8, 9]	
[-2, -2]	[8, 8]	
[-2, -1]	[8, 7]	
[-2, 0]	[8, 0]	
[-2, 1]	[8, 0]	
[-2, 2]	[8, 0]	
[-2, 3]	[8, 0]	
[-2, 4]	[8, 0]	
[-2, 5]	[8, 0]	
[-2, 6]	[8, 0]	
[-2, 7]	[8, 0]	
[-2, 8]	[8, 0]	
[-2, 9]	[8, 0]	
[-2, 10]	[8, 0]	
[-1, -10]	[7, 16]	
[-1, -9]	[7, 15]	
[-1, -8]	[7, 14]	
[-1, -7]	[7, 13]	
[-1, -6]	[7, 12]	
[-1, -5]	[7, 11]	
[-1, -4]	[7, 10]	
[-1, -3]	[7, 9]	
[-1, -2]	[7, 8]	
[-1, -1]	[7, 7]	
[-1, 0]	[7, 0]	
[-1, 1]	[7, 0]	
[-1, 2]	[7, 0]	
[-1, 3]	[7, 0]	
[-1, 4]	[7, 0]	
[-1, 5]	[7, 0]	
[-1, 6]	[7, 0]	
[-1, 7]	[7, 0]	
[-1, 8]	[7, 0]	
[-1, 9]	[7, 0]	
[-1, 10]	[7, 0]	
[0, -10]	[0, 16]	
[0, -9]	[0, 15]	
[0, -8]	[0, 14]	
[0, -7]	[0, 13]	
[0, -6]	[0, 12]	
[0, -5]	[0, 11]	
[0, -4]	[0, 10]	
[0, -3]	[0, 9]	
[0, -2]	[0, 8]	
[0, -1]	[0, 7]	
[0, 0]	[0, 0]	
[0, 1]	[0, 0]	
[0, 2]	[0, 0]	
[0, 3]	[0, 0]	
[0, 4]	[0, 0]	
[0, 5]	[0, 0]	
[0, 6]	[0, 0]	
[0, 7]	[0, 0]	
[0, 8]	[0, 0]	
[0, 9]	[0, 0]	
[0, 10]	[0, 0]	
[1, -10]	[0, 16]	
[1, -9]	[0, 15]	
[1, -8]	[0, 14]	
[1, -7]	[0, 13]	
[1, -6]	[0, 12]	
[1, -5]	[0, 11]	
[1, -4]	[0, 10]	
[1, -3]	[0, 9]	
[1, -2]	[0, 8]	
[1, -1]	[0, 7]	
[1, 0]	[0, 0]	
[1, 1]	[0, 0]	
[1, 2]	[0, 0]	
[1, 3]	[0, 0]	
[1, 4]	[0, 0]	
[1, 5]	[0, 0]	
[1, 6]	[0, 0]	
[1, 7]	[0, 0]	
[1, 8]	[0, 0]	
[1, 9]	[0, 0]	
[1, 10]	[0, 0]	
[2, -10]	[0, 16]	
[2, -9]	[0, 15]	
[2, -8]	[0, 14]	
[2, -7]	[0, 13]	
[2, -6]	[0, 12]	
[2, -5]	[0, 11]	
[2, -4]	[0, 10]	
[2, -3]	[0, 9]	
[2, -2]	[0, 8]	
[2, -1]	[0, 7]	
[2, 0]	[0, 0]	
[2, 1]	[0, 0]	
[2, 2]	[0, 0]	
[2, 3]	[0, 0]	
[2, 4]	[0, 0]	
[2, 5]	[0, 0]	
[2, 6]	[0, 0]	
[2, 7]	[0, 0]	
[2, 8]	[0, 0]	
[2, 9]	[0, 0]	
[2, 10]	[0, 0]	
[3, -10]	[0, 16]	
[3, -9]	[0, 15]	
[3, -8]	[0, 14]	
[3, -7]	[0, 13]	
[3, -6]	[0, 12]	
[3, -5]	[0, 11]	
[3, -4]	[0, 10]	
[3, -3]	[0, 9]	
[3, -2]	[0, 8]	
[3, -1]	[0, 7]	
[3, 0]	[0, 0]	
[3, 1]	[0, 0]	
[3, 2]	[0, 0]	
[3, 3]	[0, 0]	
[3, 4]	[0, 0]	
[3, 5]	[0, 0]	
[3, 6]	[0, 0]	
[3, 7]	[0, 0]	
[3, 8]	[0, 0]	
[3, 9]	[0, 0]	
[3, 10]	[0, 0]	
[4, -10]	[0, 16]	
[4, -9]	[0, 15]	
[4, -8]	[0, 14]	
[4, -7]	[0, 13]	
[4, -6]	[0, 12]	
[4, -5]	[0, 11]	
[4, -4]	[0, 10]	
[4, -3]	[0, 9]	
[4, -2]	[0, 8]	
[4, -1]	[0, 7]	
[4, 0]	[0, 0]	
[4, 1]	[0, 0]	
[4, 2]	[0, 0]	
[4, 3]	[0, 0]	
[4, 4]	[0, 0]	
[4, 5]	[0, 0]	
[4, 6]	[0, 0]	
[4, 7]	[0, 0]	
[4, 8]	[0, 0]	
[4, 9]	[0, 0]	
[4, 10]	[0, 0]	
[5, -10]	[0, 16]	
[5, -9]	[0, 15]	
[5, -8]	[0, 14]	
[5, -7]	[0, 13]	
[5, -6]	[0, 12]	
[5, -5]	[0, 11]	
[5, -4]	[0, 10]	
[5, -3]	[0, 9]	
[5, -2]	[0, 8]	
[5, -1]	[0, 7]	
[5, 0]	[0, 0]	
[5, 1]	[0, 0]	
[5, 2]	[0, 0]	
[5, 3]	[0, 0]	
[5, 4]	[0, 0]	
[5, 5]	[0, 0]	
[5, 6]	[0, 0]	
[5, 7]	[0, 0]	
[5, 8]	[0, 0]	
[5, 9]	[0, 0]	
[5, 10]	[0, 0]	
[6, -10]	[0, 16]	
[6, -9]	[0, 15]	
[6, -8]	[0, 14]	
[6, -7]	[0, 13]	
[6, -6]	[0, 12]	
[6, -5]	[0, 11]	
[6, -4]	[0, 10]	
[6, -3]	[0, 9]	
[6, -2]	[0, 8]	
[6, -1]	[0, 7]	
[6, 0]	[0, 0]	
[6, 1]	[0, 0]	
[6, 2]	[0, 0]	
[6, 3]	[0, 0]	
[6, 4]	[0, 0]	
[6, 5]	[0, 0]	
[6, 6]	[0, 0]	
[6, 7]	[0, 0]	
[6, 8]	[0, 0]	
[6, 9]	[0, 0]	
[6, 10]	[0, 0]	
[7, -10]	[0, 16]	
[7, -9]	[0, 15]	
[7, -8]	[0, 14]	
[7, -7]	[0, 13]	
[7, -6]	[0, 12]	
[7, -5]	[0, 11]	
[7, -4]	[0, 10]	
[7, -3]	[0, 9]	
[7, -2]	[0, 8]	
[7, -1]	[0, 7]	
[7, 0]	[0, 0]	
[7, 1]	[0, 0]	
[7, 2]	[0, 0]	
[7, 3]	[0, 0]	
[7, 4]	[0, 0]	
[7, 5]	[0, 0]	
[7, 6]	[0, 0]	
[7, 7]	[0, 0]	
[7, 8]	[0, 0]	
[7, 9]	[0, 0]	
[7, 10]	[0, 0]	
[8, -10]	[0, 16]	
[8, -9]	[0, 15]	
[8, -8]	[0, 14]	
[8, -7]	[0, 13]	
[8, -6]	[0, 12]	
[8, -5]	[0, 11]	
[8, -4]	[0, 10]	
[8, -3]	[0, 9]	
[8, -2]	[0, 8]	
[8, -1]	[0, 7]	
[8, 0]	[0, 0]	
[8, 1]	[0, 0]	
[8, 2]	[0, 0]	
[8, 3]	[0, 0]	
[8, 4]	[0, 0]	
[8, 5]	[0, 0]	
[8, 6]	[0, 0]	
[8, 7]	[0, 0]	
[8, 8]	[0, 0]	
[8, 9]	[0, 0]	
[8, 10]	[0, 0]	
[9, -10]	[0, 16]	
[9, -9]	[0, 15]	
[9, -8]	[0, 14]	
[9, -7]	[0, 13]	
[9, -6]	[0, 12]	
[9, -5]	[0, 11]	
[9, -4]	[0, 10]	
[9, -3]	[0, 9]	
[9, -2]	[0, 8]	
[9, -1]	[0, 7]	
[9, 0]	[0, 0]	
[9, 1]	[0, 0]	
[9, 2]	[0, 0]	
[9, 3]	[0, 0]	
[9, 4]	[0, 0]	
[9, 5]	[0, 0]	
[9, 6]	[0, 0]	
[9, 7]	[0, 0]	
[9, 8]	[0, 0]	
[9, 9]	[0, 0]	
[9, 10]	[0, 0]	
[10, -10]	[0, 16]	
[10, -9]	[0, 15]	
[10, -8]	[0, 14]	
[10, -7]	[0, 13]	
[10, -6]	[0, 12]	
[10, -5]	[0, 11]	
[10, -4]	[0, 10]	
[10, -3]	[0, 9]	
[10, -2]	[0, 8]	
[10, -1]	[0, 7]	
[10, 0]	[0, 0]	
[10, 1]	[0, 0]	
[10, 2]	[0, 0]	
[10, 3]	[0, 0]	
[10, 4]	[0, 0]	
[10, 5]	[0, 0]	
[10, 6]	[0, 0]	
[10, 7]	[0, 0]	
[10, 8]	[0, 0]	
[10, 9]	[0, 0]	
[10, 10]	[0, 0]	
