===================================================
===================================================
6	[6, 6]	[0, 18]	[18, 0]	
6	[7, 7]	[0, 16]	[16, 0]	
6	[8, 8]	[0, 14]	[14, 0]	
6	[9, 9]	[0, 12]	[12, 0]	
4	[-20, -20]	[41, 42]	[42, 41]	
4	[-20, -19]	[41, 41]	[42, 40]	
4	[-20, -18]	[41, 40]	[42, 39]	
4	[-20, -17]	[41, 39]	[42, 38]	
4	[-20, -16]	[41, 38]	[42, 37]	
4	[-20, -15]	[41, 37]	[42, 36]	
4	[-20, -14]	[41, 36]	[42, 35]	
4	[-20, -13]	[41, 35]	[42, 34]	
4	[-20, -12]	[41, 34]	[42, 33]	
4	[-20, -11]	[41, 33]	[42, 32]	
4	[-20, -10]	[41, 32]	[42, 31]	
4	[-20, -9]	[41, 31]	[42, 30]	
4	[-20, -8]	[41, 30]	[42, 29]	
4	[-20, -7]	[41, 29]	[42, 28]	
4	[-20, -6]	[41, 28]	[42, 27]	
4	[-20, -5]	[41, 27]	[42, 26]	
4	[-20, -4]	[41, 26]	[42, 25]	
4	[-20, -3]	[41, 25]	[42, 24]	
4	[-20, -2]	[41, 24]	[42, 23]	
4	[-20, -1]	[41, 23]	[42, 22]	
4	[-20, 0]	[41, 22]	[42, 21]	
4	[-20, 1]	[41, 21]	[42, 20]	
4	[-20, 2]	[41, 20]	[42, 19]	
4	[-20, 3]	[41, 19]	[42, 18]	
4	[-20, 4]	[41, 18]	[42, 17]	
4	[-20, 5]	[41, 17]	[42, 16]	
4	[-19, -20]	[40, 42]	[41, 41]	
4	[-19, -19]	[40, 41]	[41, 40]	
4	[-19, -18]	[40, 40]	[41, 39]	
4	[-19, -17]	[40, 39]	[41, 38]	
4	[-19, -16]	[40, 38]	[41, 37]	
4	[-19, -15]	[40, 37]	[41, 36]	
4	[-19, -14]	[40, 36]	[41, 35]	
4	[-19, -13]	[40, 35]	[41, 34]	
4	[-19, -12]	[40, 34]	[41, 33]	
4	[-19, -11]	[40, 33]	[41, 32]	
4	[-19, -10]	[40, 32]	[41, 31]	
4	[-19, -9]	[40, 31]	[41, 30]	
4	[-19, -8]	[40, 30]	[41, 29]	
4	[-19, -7]	[40, 29]	[41, 28]	
4	[-19, -6]	[40, 28]	[41, 27]	
4	[-19, -5]	[40, 27]	[41, 26]	
4	[-19, -4]	[40, 26]	[41, 25]	
4	[-19, -3]	[40, 25]	[41, 24]	
4	[-19, -2]	[40, 24]	[41, 23]	
4	[-19, -1]	[40, 23]	[41, 22]	
4	[-19, 0]	[40, 22]	[41, 21]	
4	[-19, 1]	[40, 21]	[41, 20]	
4	[-19, 2]	[40, 20]	[41, 19]	
4	[-19, 3]	[40, 19]	[41, 18]	
4	[-19, 4]	[40, 18]	[41, 17]	
4	[-19, 5]	[40, 17]	[41, 16]	
4	[-18, -20]	[39, 42]	[40, 41]	
4	[-18, -19]	[39, 41]	[40, 40]	
4	[-18, -18]	[39, 40]	[40, 39]	
4	[-18, -17]	[39, 39]	[40, 38]	
4	[-18, -16]	[39, 38]	[40, 37]	
4	[-18, -15]	[39, 37]	[40, 36]	
4	[-18, -14]	[39, 36]	[40, 35]	
4	[-18, -13]	[39, 35]	[40, 34]	
4	[-18, -12]	[39, 34]	[40, 33]	
4	[-18, -11]	[39, 33]	[40, 32]	
4	[-18, -10]	[39, 32]	[40, 31]	
4	[-18, -9]	[39, 31]	[40, 30]	
4	[-18, -8]	[39, 30]	[40, 29]	
4	[-18, -7]	[39, 29]	[40, 28]	
4	[-18, -6]	[39, 28]	[40, 27]	
4	[-18, -5]	[39, 27]	[40, 26]	
4	[-18, -4]	[39, 26]	[40, 25]	
4	[-18, -3]	[39, 25]	[40, 24]	
4	[-18, -2]	[39, 24]	[40, 23]	
4	[-18, -1]	[39, 23]	[40, 22]	
4	[-18, 0]	[39, 22]	[40, 21]	
4	[-18, 1]	[39, 21]	[40, 20]	
4	[-18, 2]	[39, 20]	[40, 19]	
4	[-18, 3]	[39, 19]	[40, 18]	
4	[-18, 4]	[39, 18]	[40, 17]	
4	[-18, 5]	[39, 17]	[40, 16]	
4	[-17, -20]	[38, 42]	[39, 41]	
4	[-17, -19]	[38, 41]	[39, 40]	
4	[-17, -18]	[38, 40]	[39, 39]	
4	[-17, -17]	[38, 39]	[39, 38]	
4	[-17, -16]	[38, 38]	[39, 37]	
4	[-17, -15]	[38, 37]	[39, 36]	
4	[-17, -14]	[38, 36]	[39, 35]	
4	[-17, -13]	[38, 35]	[39, 34]	
4	[-17, -12]	[38, 34]	[39, 33]	
4	[-17, -11]	[38, 33]	[39, 32]	
4	[-17, -10]	[38, 32]	[39, 31]	
4	[-17, -9]	[38, 31]	[39, 30]	
4	[-17, -8]	[38, 30]	[39, 29]	
4	[-17, -7]	[38, 29]	[39, 28]	
4	[-17, -6]	[38, 28]	[39, 27]	
4	[-17, -5]	[38, 27]	[39, 26]	
4	[-17, -4]	[38, 26]	[39, 25]	
4	[-17, -3]	[38, 25]	[39, 24]	
4	[-17, -2]	[38, 24]	[39, 23]	
4	[-17, -1]	[38, 23]	[39, 22]	
4	[-17, 0]	[38, 22]	[39, 21]	
4	[-17, 1]	[38, 21]	[39, 20]	
4	[-17, 2]	[38, 20]	[39, 19]	
4	[-17, 3]	[38, 19]	[39, 18]	
4	[-17, 4]	[38, 18]	[39, 17]	
4	[-17, 5]	[38, 17]	[39, 16]	
4	[-16, -20]	[37, 42]	[38, 41]	
4	[-16, -19]	[37, 41]	[38, 40]	
4	[-16, -18]	[37, 40]	[38, 39]	
4	[-16, -17]	[37, 39]	[38, 38]	
4	[-16, -16]	[37, 38]	[38, 37]	
4	[-16, -15]	[37, 37]	[38, 36]	
4	[-16, -14]	[37, 36]	[38, 35]	
4	[-16, -13]	[37, 35]	[38, 34]	
4	[-16, -12]	[37, 34]	[38, 33]	
4	[-16, -11]	[37, 33]	[38, 32]	
4	[-16, -10]	[37, 32]	[38, 31]	
4	[-16, -9]	[37, 31]	[38, 30]	
4	[-16, -8]	[37, 30]	[38, 29]	
4	[-16, -7]	[37, 29]	[38, 28]	
4	[-16, -6]	[37, 28]	[38, 27]	
4	[-16, -5]	[37, 27]	[38, 26]	
4	[-16, -4]	[37, 26]	[38, 25]	
4	[-16, -3]	[37, 25]	[38, 24]	
4	[-16, -2]	[37, 24]	[38, 23]	
4	[-16, -1]	[37, 23]	[38, 22]	
4	[-16, 0]	[37, 22]	[38, 21]	
4	[-16, 1]	[37, 21]	[38, 20]	
4	[-16, 2]	[37, 20]	[38, 19]	
4	[-16, 3]	[37, 19]	[38, 18]	
4	[-16, 4]	[37, 18]	[38, 17]	
4	[-16, 5]	[37, 17]	[38, 16]	
4	[-15, -20]	[36, 42]	[37, 41]	
4	[-15, -19]	[36, 41]	[37, 40]	
4	[-15, -18]	[36, 40]	[37, 39]	
4	[-15, -17]	[36, 39]	[37, 38]	
4	[-15, -16]	[36, 38]	[37, 37]	
4	[-15, -15]	[36, 37]	[37, 36]	
4	[-15, -14]	[36, 36]	[37, 35]	
4	[-15, -13]	[36, 35]	[37, 34]	
4	[-15, -12]	[36, 34]	[37, 33]	
4	[-15, -11]	[36, 33]	[37, 32]	
4	[-15, -10]	[36, 32]	[37, 31]	
4	[-15, -9]	[36, 31]	[37, 30]	
4	[-15, -8]	[36, 30]	[37, 29]	
4	[-15, -7]	[36, 29]	[37, 28]	
4	[-15, -6]	[36, 28]	[37, 27]	
4	[-15, -5]	[36, 27]	[37, 26]	
4	[-15, -4]	[36, 26]	[37, 25]	
4	[-15, -3]	[36, 25]	[37, 24]	
4	[-15, -2]	[36, 24]	[37, 23]	
4	[-15, -1]	[36, 23]	[37, 22]	
4	[-15, 0]	[36, 22]	[37, 21]	
4	[-15, 1]	[36, 21]	[37, 20]	
4	[-15, 2]	[36, 20]	[37, 19]	
4	[-15, 3]	[36, 19]	[37, 18]	
4	[-15, 4]	[36, 18]	[37, 17]	
4	[-15, 5]	[36, 17]	[37, 16]	
4	[-14, -20]	[35, 42]	[36, 41]	
4	[-14, -19]	[35, 41]	[36, 40]	
4	[-14, -18]	[35, 40]	[36, 39]	
4	[-14, -17]	[35, 39]	[36, 38]	
4	[-14, -16]	[35, 38]	[36, 37]	
4	[-14, -15]	[35, 37]	[36, 36]	
4	[-14, -14]	[35, 36]	[36, 35]	
4	[-14, -13]	[35, 35]	[36, 34]	
4	[-14, -12]	[35, 34]	[36, 33]	
4	[-14, -11]	[35, 33]	[36, 32]	
4	[-14, -10]	[35, 32]	[36, 31]	
4	[-14, -9]	[35, 31]	[36, 30]	
4	[-14, -8]	[35, 30]	[36, 29]	
4	[-14, -7]	[35, 29]	[36, 28]	
4	[-14, -6]	[35, 28]	[36, 27]	
4	[-14, -5]	[35, 27]	[36, 26]	
4	[-14, -4]	[35, 26]	[36, 25]	
4	[-14, -3]	[35, 25]	[36, 24]	
4	[-14, -2]	[35, 24]	[36, 23]	
4	[-14, -1]	[35, 23]	[36, 22]	
4	[-14, 0]	[35, 22]	[36, 21]	
4	[-14, 1]	[35, 21]	[36, 20]	
4	[-14, 2]	[35, 20]	[36, 19]	
4	[-14, 3]	[35, 19]	[36, 18]	
4	[-14, 4]	[35, 18]	[36, 17]	
4	[-14, 5]	[35, 17]	[36, 16]	
4	[-13, -20]	[34, 42]	[35, 41]	
4	[-13, -19]	[34, 41]	[35, 40]	
4	[-13, -18]	[34, 40]	[35, 39]	
4	[-13, -17]	[34, 39]	[35, 38]	
4	[-13, -16]	[34, 38]	[35, 37]	
4	[-13, -15]	[34, 37]	[35, 36]	
4	[-13, -14]	[34, 36]	[35, 35]	
4	[-13, -13]	[34, 35]	[35, 34]	
4	[-13, -12]	[34, 34]	[35, 33]	
4	[-13, -11]	[34, 33]	[35, 32]	
4	[-13, -10]	[34, 32]	[35, 31]	
4	[-13, -9]	[34, 31]	[35, 30]	
4	[-13, -8]	[34, 30]	[35, 29]	
4	[-13, -7]	[34, 29]	[35, 28]	
4	[-13, -6]	[34, 28]	[35, 27]	
4	[-13, -5]	[34, 27]	[35, 26]	
4	[-13, -4]	[34, 26]	[35, 25]	
4	[-13, -3]	[34, 25]	[35, 24]	
4	[-13, -2]	[34, 24]	[35, 23]	
4	[-13, -1]	[34, 23]	[35, 22]	
4	[-13, 0]	[34, 22]	[35, 21]	
4	[-13, 1]	[34, 21]	[35, 20]	
4	[-13, 2]	[34, 20]	[35, 19]	
4	[-13, 3]	[34, 19]	[35, 18]	
4	[-13, 4]	[34, 18]	[35, 17]	
4	[-13, 5]	[34, 17]	[35, 16]	
4	[-12, -20]	[33, 42]	[34, 41]	
4	[-12, -19]	[33, 41]	[34, 40]	
4	[-12, -18]	[33, 40]	[34, 39]	
4	[-12, -17]	[33, 39]	[34, 38]	
4	[-12, -16]	[33, 38]	[34, 37]	
4	[-12, -15]	[33, 37]	[34, 36]	
4	[-12, -14]	[33, 36]	[34, 35]	
4	[-12, -13]	[33, 35]	[34, 34]	
4	[-12, -12]	[33, 34]	[34, 33]	
4	[-12, -11]	[33, 33]	[34, 32]	
4	[-12, -10]	[33, 32]	[34, 31]	
4	[-12, -9]	[33, 31]	[34, 30]	
4	[-12, -8]	[33, 30]	[34, 29]	
4	[-12, -7]	[33, 29]	[34, 28]	
4	[-12, -6]	[33, 28]	[34, 27]	
4	[-12, -5]	[33, 27]	[34, 26]	
4	[-12, -4]	[33, 26]	[34, 25]	
4	[-12, -3]	[33, 25]	[34, 24]	
4	[-12, -2]	[33, 24]	[34, 23]	
4	[-12, -1]	[33, 23]	[34, 22]	
4	[-12, 0]	[33, 22]	[34, 21]	
4	[-12, 1]	[33, 21]	[34, 20]	
4	[-12, 2]	[33, 20]	[34, 19]	
4	[-12, 3]	[33, 19]	[34, 18]	
4	[-12, 4]	[33, 18]	[34, 17]	
4	[-12, 5]	[33, 17]	[34, 16]	
4	[-11, -20]	[32, 42]	[33, 41]	
4	[-11, -19]	[32, 41]	[33, 40]	
4	[-11, -18]	[32, 40]	[33, 39]	
4	[-11, -17]	[32, 39]	[33, 38]	
4	[-11, -16]	[32, 38]	[33, 37]	
4	[-11, -15]	[32, 37]	[33, 36]	
4	[-11, -14]	[32, 36]	[33, 35]	
4	[-11, -13]	[32, 35]	[33, 34]	
4	[-11, -12]	[32, 34]	[33, 33]	
4	[-11, -11]	[32, 33]	[33, 32]	
4	[-11, -10]	[32, 32]	[33, 31]	
4	[-11, -9]	[32, 31]	[33, 30]	
4	[-11, -8]	[32, 30]	[33, 29]	
4	[-11, -7]	[32, 29]	[33, 28]	
4	[-11, -6]	[32, 28]	[33, 27]	
4	[-11, -5]	[32, 27]	[33, 26]	
4	[-11, -4]	[32, 26]	[33, 25]	
4	[-11, -3]	[32, 25]	[33, 24]	
4	[-11, -2]	[32, 24]	[33, 23]	
4	[-11, -1]	[32, 23]	[33, 22]	
4	[-11, 0]	[32, 22]	[33, 21]	
4	[-11, 1]	[32, 21]	[33, 20]	
4	[-11, 2]	[32, 20]	[33, 19]	
4	[-11, 3]	[32, 19]	[33, 18]	
4	[-11, 4]	[32, 18]	[33, 17]	
4	[-11, 5]	[32, 17]	[33, 16]	
4	[-10, -20]	[31, 42]	[32, 41]	
4	[-10, -19]	[31, 41]	[32, 40]	
4	[-10, -18]	[31, 40]	[32, 39]	
4	[-10, -17]	[31, 39]	[32, 38]	
4	[-10, -16]	[31, 38]	[32, 37]	
4	[-10, -15]	[31, 37]	[32, 36]	
4	[-10, -14]	[31, 36]	[32, 35]	
4	[-10, -13]	[31, 35]	[32, 34]	
4	[-10, -12]	[31, 34]	[32, 33]	
4	[-10, -11]	[31, 33]	[32, 32]	
4	[-10, -10]	[31, 32]	[32, 31]	
4	[-10, -9]	[31, 31]	[32, 30]	
4	[-10, -8]	[31, 30]	[32, 29]	
4	[-10, -7]	[31, 29]	[32, 28]	
4	[-10, -6]	[31, 28]	[32, 27]	
4	[-10, -5]	[31, 27]	[32, 26]	
4	[-10, -4]	[31, 26]	[32, 25]	
4	[-10, -3]	[31, 25]	[32, 24]	
4	[-10, -2]	[31, 24]	[32, 23]	
4	[-10, -1]	[31, 23]	[32, 22]	
4	[-10, 0]	[31, 22]	[32, 21]	
4	[-10, 1]	[31, 21]	[32, 20]	
4	[-10, 2]	[31, 20]	[32, 19]	
4	[-10, 3]	[31, 19]	[32, 18]	
4	[-10, 4]	[31, 18]	[32, 17]	
4	[-10, 5]	[31, 17]	[32, 16]	
4	[-9, -20]	[30, 42]	[31, 41]	
4	[-9, -19]	[30, 41]	[31, 40]	
4	[-9, -18]	[30, 40]	[31, 39]	
4	[-9, -17]	[30, 39]	[31, 38]	
4	[-9, -16]	[30, 38]	[31, 37]	
4	[-9, -15]	[30, 37]	[31, 36]	
4	[-9, -14]	[30, 36]	[31, 35]	
4	[-9, -13]	[30, 35]	[31, 34]	
4	[-9, -12]	[30, 34]	[31, 33]	
4	[-9, -11]	[30, 33]	[31, 32]	
4	[-9, -10]	[30, 32]	[31, 31]	
4	[-9, -9]	[30, 31]	[31, 30]	
4	[-9, -8]	[30, 30]	[31, 29]	
4	[-9, -7]	[30, 29]	[31, 28]	
4	[-9, -6]	[30, 28]	[31, 27]	
4	[-9, -5]	[30, 27]	[31, 26]	
4	[-9, -4]	[30, 26]	[31, 25]	
4	[-9, -3]	[30, 25]	[31, 24]	
4	[-9, -2]	[30, 24]	[31, 23]	
4	[-9, -1]	[30, 23]	[31, 22]	
4	[-9, 0]	[30, 22]	[31, 21]	
4	[-9, 1]	[30, 21]	[31, 20]	
4	[-9, 2]	[30, 20]	[31, 19]	
4	[-9, 3]	[30, 19]	[31, 18]	
4	[-9, 4]	[30, 18]	[31, 17]	
4	[-9, 5]	[30, 17]	[31, 16]	
4	[-8, -20]	[29, 42]	[30, 41]	
4	[-8, -19]	[29, 41]	[30, 40]	
4	[-8, -18]	[29, 40]	[30, 39]	
4	[-8, -17]	[29, 39]	[30, 38]	
4	[-8, -16]	[29, 38]	[30, 37]	
4	[-8, -15]	[29, 37]	[30, 36]	
4	[-8, -14]	[29, 36]	[30, 35]	
4	[-8, -13]	[29, 35]	[30, 34]	
4	[-8, -12]	[29, 34]	[30, 33]	
4	[-8, -11]	[29, 33]	[30, 32]	
4	[-8, -10]	[29, 32]	[30, 31]	
4	[-8, -9]	[29, 31]	[30, 30]	
4	[-8, -8]	[29, 30]	[30, 29]	
4	[-8, -7]	[29, 29]	[30, 28]	
4	[-8, -6]	[29, 28]	[30, 27]	
4	[-8, -5]	[29, 27]	[30, 26]	
4	[-8, -4]	[29, 26]	[30, 25]	
4	[-8, -3]	[29, 25]	[30, 24]	
4	[-8, -2]	[29, 24]	[30, 23]	
4	[-8, -1]	[29, 23]	[30, 22]	
4	[-8, 0]	[29, 22]	[30, 21]	
4	[-8, 1]	[29, 21]	[30, 20]	
4	[-8, 2]	[29, 20]	[30, 19]	
4	[-8, 3]	[29, 19]	[30, 18]	
4	[-8, 4]	[29, 18]	[30, 17]	
4	[-8, 5]	[29, 17]	[30, 16]	
4	[-7, -20]	[28, 42]	[29, 41]	
4	[-7, -19]	[28, 41]	[29, 40]	
4	[-7, -18]	[28, 40]	[29, 39]	
4	[-7, -17]	[28, 39]	[29, 38]	
4	[-7, -16]	[28, 38]	[29, 37]	
4	[-7, -15]	[28, 37]	[29, 36]	
4	[-7, -14]	[28, 36]	[29, 35]	
4	[-7, -13]	[28, 35]	[29, 34]	
4	[-7, -12]	[28, 34]	[29, 33]	
4	[-7, -11]	[28, 33]	[29, 32]	
4	[-7, -10]	[28, 32]	[29, 31]	
4	[-7, -9]	[28, 31]	[29, 30]	
4	[-7, -8]	[28, 30]	[29, 29]	
4	[-7, -7]	[28, 29]	[29, 28]	
4	[-7, -6]	[28, 28]	[29, 27]	
4	[-7, -5]	[28, 27]	[29, 26]	
4	[-7, -4]	[28, 26]	[29, 25]	
4	[-7, -3]	[28, 25]	[29, 24]	
4	[-7, -2]	[28, 24]	[29, 23]	
4	[-7, -1]	[28, 23]	[29, 22]	
4	[-7, 0]	[28, 22]	[29, 21]	
4	[-7, 1]	[28, 21]	[29, 20]	
4	[-7, 2]	[28, 20]	[29, 19]	
4	[-7, 3]	[28, 19]	[29, 18]	
4	[-7, 4]	[28, 18]	[29, 17]	
4	[-7, 5]	[28, 17]	[29, 16]	
4	[-6, -20]	[27, 42]	[28, 41]	
4	[-6, -19]	[27, 41]	[28, 40]	
4	[-6, -18]	[27, 40]	[28, 39]	
4	[-6, -17]	[27, 39]	[28, 38]	
4	[-6, -16]	[27, 38]	[28, 37]	
4	[-6, -15]	[27, 37]	[28, 36]	
4	[-6, -14]	[27, 36]	[28, 35]	
4	[-6, -13]	[27, 35]	[28, 34]	
4	[-6, -12]	[27, 34]	[28, 33]	
4	[-6, -11]	[27, 33]	[28, 32]	
4	[-6, -10]	[27, 32]	[28, 31]	
4	[-6, -9]	[27, 31]	[28, 30]	
4	[-6, -8]	[27, 30]	[28, 29]	
4	[-6, -7]	[27, 29]	[28, 28]	
4	[-6, -6]	[27, 28]	[28, 27]	
4	[-6, -5]	[27, 27]	[28, 26]	
4	[-6, -4]	[27, 26]	[28, 25]	
4	[-6, -3]	[27, 25]	[28, 24]	
4	[-6, -2]	[27, 24]	[28, 23]	
4	[-6, -1]	[27, 23]	[28, 22]	
4	[-6, 0]	[27, 22]	[28, 21]	
4	[-6, 1]	[27, 21]	[28, 20]	
4	[-6, 2]	[27, 20]	[28, 19]	
4	[-6, 3]	[27, 19]	[28, 18]	
4	[-6, 4]	[27, 18]	[28, 17]	
4	[-6, 5]	[27, 17]	[28, 16]	
4	[-5, -20]	[26, 42]	[27, 41]	
4	[-5, -19]	[26, 41]	[27, 40]	
4	[-5, -18]	[26, 40]	[27, 39]	
4	[-5, -17]	[26, 39]	[27, 38]	
4	[-5, -16]	[26, 38]	[27, 37]	
4	[-5, -15]	[26, 37]	[27, 36]	
4	[-5, -14]	[26, 36]	[27, 35]	
4	[-5, -13]	[26, 35]	[27, 34]	
4	[-5, -12]	[26, 34]	[27, 33]	
4	[-5, -11]	[26, 33]	[27, 32]	
4	[-5, -10]	[26, 32]	[27, 31]	
4	[-5, -9]	[26, 31]	[27, 30]	
4	[-5, -8]	[26, 30]	[27, 29]	
4	[-5, -7]	[26, 29]	[27, 28]	
4	[-5, -6]	[26, 28]	[27, 27]	
4	[-5, -5]	[26, 27]	[27, 26]	
4	[-5, -4]	[26, 26]	[27, 25]	
4	[-5, -3]	[26, 25]	[27, 24]	
4	[-5, -2]	[26, 24]	[27, 23]	
4	[-5, -1]	[26, 23]	[27, 22]	
4	[-5, 0]	[26, 22]	[27, 21]	
4	[-5, 1]	[26, 21]	[27, 20]	
4	[-5, 2]	[26, 20]	[27, 19]	
4	[-5, 3]	[26, 19]	[27, 18]	
4	[-5, 4]	[26, 18]	[27, 17]	
4	[-5, 5]	[26, 17]	[27, 16]	
4	[-4, -20]	[25, 42]	[26, 41]	
4	[-4, -19]	[25, 41]	[26, 40]	
4	[-4, -18]	[25, 40]	[26, 39]	
4	[-4, -17]	[25, 39]	[26, 38]	
4	[-4, -16]	[25, 38]	[26, 37]	
4	[-4, -15]	[25, 37]	[26, 36]	
4	[-4, -14]	[25, 36]	[26, 35]	
4	[-4, -13]	[25, 35]	[26, 34]	
4	[-4, -12]	[25, 34]	[26, 33]	
4	[-4, -11]	[25, 33]	[26, 32]	
4	[-4, -10]	[25, 32]	[26, 31]	
4	[-4, -9]	[25, 31]	[26, 30]	
4	[-4, -8]	[25, 30]	[26, 29]	
4	[-4, -7]	[25, 29]	[26, 28]	
4	[-4, -6]	[25, 28]	[26, 27]	
4	[-4, -5]	[25, 27]	[26, 26]	
4	[-4, -4]	[25, 26]	[26, 25]	
4	[-4, -3]	[25, 25]	[26, 24]	
4	[-4, -2]	[25, 24]	[26, 23]	
4	[-4, -1]	[25, 23]	[26, 22]	
4	[-4, 0]	[25, 22]	[26, 21]	
4	[-4, 1]	[25, 21]	[26, 20]	
4	[-4, 2]	[25, 20]	[26, 19]	
4	[-4, 3]	[25, 19]	[26, 18]	
4	[-4, 4]	[25, 18]	[26, 17]	
4	[-4, 5]	[25, 17]	[26, 16]	
4	[-3, -20]	[24, 42]	[25, 41]	
4	[-3, -19]	[24, 41]	[25, 40]	
4	[-3, -18]	[24, 40]	[25, 39]	
4	[-3, -17]	[24, 39]	[25, 38]	
4	[-3, -16]	[24, 38]	[25, 37]	
4	[-3, -15]	[24, 37]	[25, 36]	
4	[-3, -14]	[24, 36]	[25, 35]	
4	[-3, -13]	[24, 35]	[25, 34]	
4	[-3, -12]	[24, 34]	[25, 33]	
4	[-3, -11]	[24, 33]	[25, 32]	
4	[-3, -10]	[24, 32]	[25, 31]	
4	[-3, -9]	[24, 31]	[25, 30]	
4	[-3, -8]	[24, 30]	[25, 29]	
4	[-3, -7]	[24, 29]	[25, 28]	
4	[-3, -6]	[24, 28]	[25, 27]	
4	[-3, -5]	[24, 27]	[25, 26]	
4	[-3, -4]	[24, 26]	[25, 25]	
4	[-3, -3]	[24, 25]	[25, 24]	
4	[-3, -2]	[24, 24]	[25, 23]	
4	[-3, -1]	[24, 23]	[25, 22]	
4	[-3, 0]	[24, 22]	[25, 21]	
4	[-3, 1]	[24, 21]	[25, 20]	
4	[-3, 2]	[24, 20]	[25, 19]	
4	[-3, 3]	[24, 19]	[25, 18]	
4	[-3, 4]	[24, 18]	[25, 17]	
4	[-3, 5]	[24, 17]	[25, 16]	
4	[-2, -20]	[23, 42]	[24, 41]	
4	[-2, -19]	[23, 41]	[24, 40]	
4	[-2, -18]	[23, 40]	[24, 39]	
4	[-2, -17]	[23, 39]	[24, 38]	
4	[-2, -16]	[23, 38]	[24, 37]	
4	[-2, -15]	[23, 37]	[24, 36]	
4	[-2, -14]	[23, 36]	[24, 35]	
4	[-2, -13]	[23, 35]	[24, 34]	
4	[-2, -12]	[23, 34]	[24, 33]	
4	[-2, -11]	[23, 33]	[24, 32]	
4	[-2, -10]	[23, 32]	[24, 31]	
4	[-2, -9]	[23, 31]	[24, 30]	
4	[-2, -8]	[23, 30]	[24, 29]	
4	[-2, -7]	[23, 29]	[24, 28]	
4	[-2, -6]	[23, 28]	[24, 27]	
4	[-2, -5]	[23, 27]	[24, 26]	
4	[-2, -4]	[23, 26]	[24, 25]	
4	[-2, -3]	[23, 25]	[24, 24]	
4	[-2, -2]	[23, 24]	[24, 23]	
4	[-2, -1]	[23, 23]	[24, 22]	
4	[-2, 0]	[23, 22]	[24, 21]	
4	[-2, 1]	[23, 21]	[24, 20]	
4	[-2, 2]	[23, 20]	[24, 19]	
4	[-2, 3]	[23, 19]	[24, 18]	
4	[-2, 4]	[23, 18]	[24, 17]	
4	[-2, 5]	[23, 17]	[24, 16]	
4	[-1, -20]	[22, 42]	[23, 41]	
4	[-1, -19]	[22, 41]	[23, 40]	
4	[-1, -18]	[22, 40]	[23, 39]	
4	[-1, -17]	[22, 39]	[23, 38]	
4	[-1, -16]	[22, 38]	[23, 37]	
4	[-1, -15]	[22, 37]	[23, 36]	
4	[-1, -14]	[22, 36]	[23, 35]	
4	[-1, -13]	[22, 35]	[23, 34]	
4	[-1, -12]	[22, 34]	[23, 33]	
4	[-1, -11]	[22, 33]	[23, 32]	
4	[-1, -10]	[22, 32]	[23, 31]	
4	[-1, -9]	[22, 31]	[23, 30]	
4	[-1, -8]	[22, 30]	[23, 29]	
4	[-1, -7]	[22, 29]	[23, 28]	
4	[-1, -6]	[22, 28]	[23, 27]	
4	[-1, -5]	[22, 27]	[23, 26]	
4	[-1, -4]	[22, 26]	[23, 25]	
4	[-1, -3]	[22, 25]	[23, 24]	
4	[-1, -2]	[22, 24]	[23, 23]	
4	[-1, -1]	[22, 23]	[23, 22]	
4	[-1, 0]	[22, 22]	[23, 21]	
4	[-1, 1]	[22, 21]	[23, 20]	
4	[-1, 2]	[22, 20]	[23, 19]	
4	[-1, 3]	[22, 19]	[23, 18]	
4	[-1, 4]	[22, 18]	[23, 17]	
4	[-1, 5]	[22, 17]	[23, 16]	
4	[0, -20]	[21, 42]	[22, 41]	
4	[0, -19]	[21, 41]	[22, 40]	
4	[0, -18]	[21, 40]	[22, 39]	
4	[0, -17]	[21, 39]	[22, 38]	
4	[0, -16]	[21, 38]	[22, 37]	
4	[0, -15]	[21, 37]	[22, 36]	
4	[0, -14]	[21, 36]	[22, 35]	
4	[0, -13]	[21, 35]	[22, 34]	
4	[0, -12]	[21, 34]	[22, 33]	
4	[0, -11]	[21, 33]	[22, 32]	
4	[0, -10]	[21, 32]	[22, 31]	
4	[0, -9]	[21, 31]	[22, 30]	
4	[0, -8]	[21, 30]	[22, 29]	
4	[0, -7]	[21, 29]	[22, 28]	
4	[0, -6]	[21, 28]	[22, 27]	
4	[0, -5]	[21, 27]	[22, 26]	
4	[0, -4]	[21, 26]	[22, 25]	
4	[0, -3]	[21, 25]	[22, 24]	
4	[0, -2]	[21, 24]	[22, 23]	
4	[0, -1]	[21, 23]	[22, 22]	
4	[0, 0]	[21, 22]	[22, 21]	
4	[0, 1]	[21, 21]	[22, 20]	
4	[0, 2]	[21, 20]	[22, 19]	
4	[0, 3]	[21, 19]	[22, 18]	
4	[0, 4]	[21, 18]	[22, 17]	
4	[0, 5]	[21, 17]	[22, 16]	
4	[1, -20]	[20, 42]	[21, 41]	
4	[1, -19]	[20, 41]	[21, 40]	
4	[1, -18]	[20, 40]	[21, 39]	
4	[1, -17]	[20, 39]	[21, 38]	
4	[1, -16]	[20, 38]	[21, 37]	
4	[1, -15]	[20, 37]	[21, 36]	
4	[1, -14]	[20, 36]	[21, 35]	
4	[1, -13]	[20, 35]	[21, 34]	
4	[1, -12]	[20, 34]	[21, 33]	
4	[1, -11]	[20, 33]	[21, 32]	
4	[1, -10]	[20, 32]	[21, 31]	
4	[1, -9]	[20, 31]	[21, 30]	
4	[1, -8]	[20, 30]	[21, 29]	
4	[1, -7]	[20, 29]	[21, 28]	
4	[1, -6]	[20, 28]	[21, 27]	
4	[1, -5]	[20, 27]	[21, 26]	
4	[1, -4]	[20, 26]	[21, 25]	
4	[1, -3]	[20, 25]	[21, 24]	
4	[1, -2]	[20, 24]	[21, 23]	
4	[1, -1]	[20, 23]	[21, 22]	
4	[1, 0]	[20, 22]	[21, 21]	
4	[1, 1]	[20, 21]	[21, 20]	
4	[1, 2]	[20, 20]	[21, 19]	
4	[1, 3]	[20, 19]	[21, 18]	
4	[1, 4]	[20, 18]	[21, 17]	
4	[1, 5]	[20, 17]	[21, 16]	
4	[2, -20]	[19, 42]	[20, 41]	
4	[2, -19]	[19, 41]	[20, 40]	
4	[2, -18]	[19, 40]	[20, 39]	
4	[2, -17]	[19, 39]	[20, 38]	
4	[2, -16]	[19, 38]	[20, 37]	
4	[2, -15]	[19, 37]	[20, 36]	
4	[2, -14]	[19, 36]	[20, 35]	
4	[2, -13]	[19, 35]	[20, 34]	
4	[2, -12]	[19, 34]	[20, 33]	
4	[2, -11]	[19, 33]	[20, 32]	
4	[2, -10]	[19, 32]	[20, 31]	
4	[2, -9]	[19, 31]	[20, 30]	
4	[2, -8]	[19, 30]	[20, 29]	
4	[2, -7]	[19, 29]	[20, 28]	
4	[2, -6]	[19, 28]	[20, 27]	
4	[2, -5]	[19, 27]	[20, 26]	
4	[2, -4]	[19, 26]	[20, 25]	
4	[2, -3]	[19, 25]	[20, 24]	
4	[2, -2]	[19, 24]	[20, 23]	
4	[2, -1]	[19, 23]	[20, 22]	
4	[2, 0]	[19, 22]	[20, 21]	
4	[2, 1]	[19, 21]	[20, 20]	
4	[2, 2]	[19, 20]	[20, 19]	
4	[2, 3]	[19, 19]	[20, 18]	
4	[2, 4]	[19, 18]	[20, 17]	
4	[2, 5]	[19, 17]	[20, 16]	
4	[3, -20]	[18, 42]	[19, 41]	
4	[3, -19]	[18, 41]	[19, 40]	
4	[3, -18]	[18, 40]	[19, 39]	
4	[3, -17]	[18, 39]	[19, 38]	
4	[3, -16]	[18, 38]	[19, 37]	
4	[3, -15]	[18, 37]	[19, 36]	
4	[3, -14]	[18, 36]	[19, 35]	
4	[3, -13]	[18, 35]	[19, 34]	
4	[3, -12]	[18, 34]	[19, 33]	
4	[3, -11]	[18, 33]	[19, 32]	
4	[3, -10]	[18, 32]	[19, 31]	
4	[3, -9]	[18, 31]	[19, 30]	
4	[3, -8]	[18, 30]	[19, 29]	
4	[3, -7]	[18, 29]	[19, 28]	
4	[3, -6]	[18, 28]	[19, 27]	
4	[3, -5]	[18, 27]	[19, 26]	
4	[3, -4]	[18, 26]	[19, 25]	
4	[3, -3]	[18, 25]	[19, 24]	
4	[3, -2]	[18, 24]	[19, 23]	
4	[3, -1]	[18, 23]	[19, 22]	
4	[3, 0]	[18, 22]	[19, 21]	
4	[3, 1]	[18, 21]	[19, 20]	
4	[3, 2]	[18, 20]	[19, 19]	
4	[3, 3]	[18, 19]	[19, 18]	
4	[3, 4]	[18, 18]	[19, 17]	
4	[3, 5]	[18, 17]	[19, 16]	
4	[4, -20]	[17, 42]	[18, 41]	
4	[4, -19]	[17, 41]	[18, 40]	
4	[4, -18]	[17, 40]	[18, 39]	
4	[4, -17]	[17, 39]	[18, 38]	
4	[4, -16]	[17, 38]	[18, 37]	
4	[4, -15]	[17, 37]	[18, 36]	
4	[4, -14]	[17, 36]	[18, 35]	
4	[4, -13]	[17, 35]	[18, 34]	
4	[4, -12]	[17, 34]	[18, 33]	
4	[4, -11]	[17, 33]	[18, 32]	
4	[4, -10]	[17, 32]	[18, 31]	
4	[4, -9]	[17, 31]	[18, 30]	
4	[4, -8]	[17, 30]	[18, 29]	
4	[4, -7]	[17, 29]	[18, 28]	
4	[4, -6]	[17, 28]	[18, 27]	
4	[4, -5]	[17, 27]	[18, 26]	
4	[4, -4]	[17, 26]	[18, 25]	
4	[4, -3]	[17, 25]	[18, 24]	
4	[4, -2]	[17, 24]	[18, 23]	
4	[4, -1]	[17, 23]	[18, 22]	
4	[4, 0]	[17, 22]	[18, 21]	
4	[4, 1]	[17, 21]	[18, 20]	
4	[4, 2]	[17, 20]	[18, 19]	
4	[4, 3]	[17, 19]	[18, 18]	
4	[4, 4]	[17, 18]	[18, 17]	
4	[4, 5]	[17, 17]	[18, 16]	
4	[5, -20]	[16, 42]	[17, 41]	
4	[5, -19]	[16, 41]	[17, 40]	
4	[5, -18]	[16, 40]	[17, 39]	
4	[5, -17]	[16, 39]	[17, 38]	
4	[5, -16]	[16, 38]	[17, 37]	
4	[5, -15]	[16, 37]	[17, 36]	
4	[5, -14]	[16, 36]	[17, 35]	
4	[5, -13]	[16, 35]	[17, 34]	
4	[5, -12]	[16, 34]	[17, 33]	
4	[5, -11]	[16, 33]	[17, 32]	
4	[5, -10]	[16, 32]	[17, 31]	
4	[5, -9]	[16, 31]	[17, 30]	
4	[5, -8]	[16, 30]	[17, 29]	
4	[5, -7]	[16, 29]	[17, 28]	
4	[5, -6]	[16, 28]	[17, 27]	
4	[5, -5]	[16, 27]	[17, 26]	
4	[5, -4]	[16, 26]	[17, 25]	
4	[5, -3]	[16, 25]	[17, 24]	
4	[5, -2]	[16, 24]	[17, 23]	
4	[5, -1]	[16, 23]	[17, 22]	
4	[5, 0]	[16, 22]	[17, 21]	
4	[5, 1]	[16, 21]	[17, 20]	
4	[5, 2]	[16, 20]	[17, 19]	
4	[5, 3]	[16, 19]	[17, 18]	
4	[5, 4]	[16, 18]	[17, 17]	
4	[5, 5]	[16, 17]	[17, 16]	
4	[6, 6]	[0, 24]	[24, 0]	
4	[7, 7]	[0, 23]	[23, 0]	
4	[8, 8]	[0, 22]	[22, 0]	
4	[9, 9]	[0, 21]	[21, 0]	
===================================================
