7	[-30,1] 0	-1	
7	[-29,1] 0	-1	
7	[-28,1] 0	-1	
7	[-27,1] 0	-1	
7	[-26,1] 0	-1	
7	[-25,1] 0	-1	
7	[-24,1] 0	-1	
7	[-23,1] 0	-1	
7	[-22,1] 0	-1	
7	[-21,1] 0	-1	
7	[-20,1] 0	-1	
7	[-19,1] 0	-1	
7	[-18,1] 0	-1	
7	[-18,25] -21	-22	
7	[-17,1] 0	-1	
7	[-17,24] -20	-21	
7	[-17,26] -21	-22	
7	[-16,1] 0	-1	
7	[-16,23] -19	-20	
7	[-16,25] -20	-21	
7	[-16,27] -21	-22	
7	[-15,1] 0	-1	
7	[-15,22] -18	-19	
7	[-15,24] -19	-20	
7	[-15,26] -20	-21	
7	[-15,28] -21	-22	
7	[-14,1] 0	-1	
7	[-14,21] -17	-18	
7	[-14,23] -18	-19	
7	[-14,25] -19	-20	
7	[-14,27] -20	-21	
7	[-14,29] -21	-22	
7	[-13,1] 0	-1	
7	[-13,20] -16	-17	
7	[-13,22] -17	-18	
7	[-13,24] -18	-19	
7	[-13,26] -19	-20	
7	[-13,28] -20	-21	
7	[-13,30] -21	-22	
7	[-12,1] 0	-1	
7	[-12,19] -15	-16	
7	[-12,21] -16	-17	
7	[-12,23] -17	-18	
7	[-12,25] -18	-19	
7	[-12,27] -19	-20	
7	[-12,29] -20	-21	
7	[-11,1] 0	-1	
7	[-11,18] -14	-15	
7	[-11,20] -15	-16	
7	[-11,22] -16	-17	
7	[-11,24] -17	-18	
7	[-11,26] -18	-19	
7	[-11,28] -19	-20	
7	[-11,30] -20	-21	
7	[-10,1] 0	-1	
7	[-10,17] -13	-14	
7	[-10,19] -14	-15	
7	[-10,21] -15	-16	
7	[-10,23] -16	-17	
7	[-10,25] -17	-18	
7	[-10,27] -18	-19	
7	[-10,29] -19	-20	
7	[-9,1] 0	-1	
7	[-9,16] -12	-13	
7	[-9,18] -13	-14	
7	[-9,20] -14	-15	
7	[-9,22] -15	-16	
7	[-9,24] -16	-17	
7	[-9,26] -17	-18	
7	[-9,28] -18	-19	
7	[-9,30] -19	-20	
7	[-8,1] 0	-1	
7	[-8,15] -11	-12	
7	[-8,17] -12	-13	
7	[-8,19] -13	-14	
7	[-8,21] -14	-15	
7	[-8,23] -15	-16	
7	[-8,25] -16	-17	
7	[-8,27] -17	-18	
7	[-8,29] -18	-19	
7	[-7,1] 0	-1	
7	[-7,14] -10	-11	
7	[-7,16] -11	-12	
7	[-7,18] -12	-13	
7	[-7,20] -13	-14	
7	[-7,22] -14	-15	
7	[-7,24] -15	-16	
7	[-7,26] -16	-17	
7	[-7,28] -17	-18	
7	[-7,30] -18	-19	
7	[-6,1] 0	-1	
7	[-6,13] -9	-10	
7	[-6,15] -10	-11	
7	[-6,17] -11	-12	
7	[-6,19] -12	-13	
7	[-6,21] -13	-14	
7	[-6,23] -14	-15	
7	[-6,25] -15	-16	
7	[-6,27] -16	-17	
7	[-6,29] -17	-18	
7	[-5,1] 0	-1	
7	[-5,12] -8	-9	
7	[-5,14] -9	-10	
7	[-5,16] -10	-11	
7	[-5,18] -11	-12	
7	[-5,20] -12	-13	
7	[-5,22] -13	-14	
7	[-5,24] -14	-15	
7	[-5,26] -15	-16	
7	[-5,28] -16	-17	
7	[-5,30] -17	-18	
7	[-4,1] 0	-1	
7	[-4,11] -7	-8	
7	[-4,13] -8	-9	
7	[-4,15] -9	-10	
7	[-4,17] -10	-11	
7	[-4,19] -11	-12	
7	[-4,21] -12	-13	
7	[-4,23] -13	-14	
7	[-4,25] -14	-15	
7	[-4,27] -15	-16	
7	[-4,29] -16	-17	
7	[-3,1] 0	-1	
7	[-3,10] -6	-7	
7	[-3,12] -7	-8	
7	[-3,14] -8	-9	
7	[-3,16] -9	-10	
7	[-3,18] -10	-11	
7	[-3,20] -11	-12	
7	[-3,22] -12	-13	
7	[-3,24] -13	-14	
7	[-3,26] -14	-15	
7	[-3,28] -15	-16	
7	[-3,30] -16	-17	
7	[-2,1] 0	-1	
7	[-2,9] -5	-6	
7	[-2,11] -6	-7	
7	[-2,13] -7	-8	
7	[-2,15] -8	-9	
7	[-2,17] -9	-10	
7	[-2,19] -10	-11	
7	[-2,21] -11	-12	
7	[-2,23] -12	-13	
7	[-2,25] -13	-14	
7	[-2,27] -14	-15	
7	[-2,29] -15	-16	
7	[-1,1] 0	-1	
7	[-1,8] -4	-5	
7	[-1,10] -5	-6	
7	[-1,12] -6	-7	
7	[-1,14] -7	-8	
7	[-1,16] -8	-9	
7	[-1,18] -9	-10	
7	[-1,20] -10	-11	
7	[-1,22] -11	-12	
7	[-1,24] -12	-13	
7	[-1,26] -13	-14	
7	[-1,28] -14	-15	
7	[-1,30] -15	-16	
7	[0,1] 0	-1	
7	[0,2] 0	-2	
7	[0,3] 0	-3	
7	[0,4] 0	-4	
7	[0,5] 0	-5	
7	[0,6] 0	-6	
7	[0,7] -3	-4	
7	[0,9] -4	-5	
7	[0,11] -5	-6	
7	[0,13] -6	-7	
7	[0,15] -7	-8	
7	[0,17] -8	-9	
7	[0,19] -9	-10	
7	[0,21] -10	-11	
7	[0,23] -11	-12	
7	[0,25] -12	-13	
7	[0,27] -13	-14	
7	[0,29] -14	-15	
7	[1,-30] 0	1	
7	[1,-29] 0	1	
7	[1,-28] 0	1	
7	[1,-27] 0	1	
7	[1,-26] 0	1	
7	[1,-25] 0	1	
7	[1,-24] 0	1	
7	[1,-23] 0	1	
7	[1,-22] 0	1	
7	[1,-21] 0	1	
7	[1,-20] 0	1	
7	[1,-19] 0	1	
7	[1,-18] 0	1	
7	[1,-17] 0	1	
7	[1,-16] 0	1	
7	[1,-15] 0	1	
7	[1,-14] 0	1	
7	[1,-13] 0	1	
7	[1,-12] 0	1	
7	[1,-11] 0	1	
7	[1,-10] 0	1	
7	[1,-9] 0	1	
7	[1,-8] 0	1	
7	[1,-7] 0	1	
7	[1,-6] 0	1	
7	[1,-5] 0	1	
7	[1,-4] 0	1	
7	[1,-3] 0	1	
7	[1,-2] 0	1	
7	[1,-1] 0	1	
7	[1,0] 0	1	
7	[1,1] -1	1	
7	[1,2] -2	1	
7	[1,3] -3	1	
7	[1,4] -4	1	
7	[1,5] -5	1	
7	[1,6] -3	-2	
7	[1,8] -4	-3	
7	[1,10] -5	-4	
7	[1,12] -6	-5	
7	[1,14] -7	-6	
7	[1,16] -8	-7	
7	[1,18] -9	-8	
7	[1,20] -10	-9	
7	[1,22] -11	-10	
7	[1,24] -12	-11	
7	[1,26] -13	-12	
7	[1,28] -14	-13	
7	[1,30] -15	-14	
7	[2,0] 0	2	
7	[2,1] -1	2	
7	[2,2] -2	2	
7	[2,3] -3	2	
7	[2,4] -4	2	
7	[2,5] -2	-1	
7	[2,7] -3	-2	
7	[2,9] -4	-3	
7	[2,11] -5	-4	
7	[2,13] -6	-5	
7	[2,15] -7	-6	
7	[2,17] -8	-7	
7	[2,19] -9	-8	
7	[2,21] -10	-9	
7	[2,23] -11	-10	
7	[2,25] -12	-11	
7	[2,27] -13	-12	
7	[2,29] -14	-13	
7	[3,0] 0	3	
7	[3,1] -1	3	
7	[3,2] -2	3	
7	[3,3] -3	3	
7	[3,4] -1	0	
7	[3,6] -2	-1	
7	[3,8] -3	-2	
7	[3,10] -4	-3	
7	[3,12] -5	-4	
7	[3,14] -6	-5	
7	[3,16] -7	-6	
7	[3,18] -8	-7	
7	[3,20] -9	-8	
7	[3,22] -10	-9	
7	[3,24] -11	-10	
7	[3,26] -12	-11	
7	[3,28] -13	-12	
7	[3,30] -14	-13	
7	[4,0] 0	4	
7	[4,1] -1	4	
7	[4,2] -2	4	
7	[4,3] 0	1	
7	[4,5] -1	0	
7	[4,7] -2	-1	
7	[4,9] -3	-2	
7	[4,11] -4	-3	
7	[4,13] -5	-4	
7	[4,15] -6	-5	
7	[4,17] -7	-6	
7	[4,19] -8	-7	
7	[4,21] -9	-8	
7	[4,23] -10	-9	
7	[4,25] -11	-10	
7	[4,27] -12	-11	
7	[4,29] -13	-12	
7	[4,30] -14	-13	-12	
7	[5,0] 0	5	
7	[5,1] -1	5	
7	[5,2] 1	2	
7	[5,4] 0	1	
7	[5,6] -1	0	
7	[5,8] -2	-1	
7	[5,10] -3	-2	
7	[5,12] -4	-3	
7	[5,14] -5	-4	
7	[5,16] -6	-5	
7	[5,18] -7	-6	
7	[5,20] -8	-7	
7	[5,22] -9	-8	
7	[5,24] -10	-9	
7	[5,26] -11	-10	
7	[5,28] -12	-11	
7	[5,29] -13	-12	-11	
7	[5,30] -14	-13	-12	-11	
7	[6,0] 0	6	
7	[6,1] 2	3	
7	[6,3] 1	2	
7	[6,5] 0	1	
7	[6,7] -1	0	
7	[6,9] -2	-1	
7	[6,11] -3	-2	
7	[6,13] -4	-3	
7	[6,15] -5	-4	
7	[6,17] -6	-5	
7	[6,19] -7	-6	
7	[6,21] -8	-7	
7	[6,23] -9	-8	
7	[6,25] -10	-9	
7	[6,27] -11	-10	
7	[6,28] -12	-11	-10	
7	[6,29] -13	-12	-11	-10	
7	[6,30] -14	-13	-12	-11	-10	
7	[7,0] 3	4	
7	[7,2] 2	3	
7	[7,4] 1	2	
7	[7,6] 0	1	
7	[7,8] -1	0	
7	[7,10] -2	-1	
7	[7,12] -3	-2	
7	[7,14] -4	-3	
7	[7,16] -5	-4	
7	[7,18] -6	-5	
7	[7,20] -7	-6	
7	[7,22] -8	-7	
7	[7,24] -9	-8	
7	[7,26] -10	-9	
7	[7,27] -11	-10	-9	
7	[7,28] -12	-11	-10	-9	
7	[7,29] -13	-12	-11	-10	-9	
7	[7,30] -14	-13	-12	-11	-10	-9	
7	[8,-1] 4	5	
7	[8,1] 3	4	
7	[8,3] 2	3	
7	[8,5] 1	2	
7	[8,7] 0	1	
7	[8,9] -1	0	
7	[8,11] -2	-1	
7	[8,13] -3	-2	
7	[8,15] -4	-3	
7	[8,17] -5	-4	
7	[8,19] -6	-5	
7	[8,21] -7	-6	
7	[8,23] -8	-7	
7	[8,25] -9	-8	
7	[8,26] -10	-9	-8	
7	[8,27] -11	-10	-9	-8	
7	[8,28] -12	-11	-10	-9	-8	
7	[8,29] -13	-12	-11	-10	-9	-8	
7	[8,30] -14	-13	-12	-11	-10	-9	-8	
7	[9,-2] 5	6	
7	[9,0] 4	5	
7	[9,2] 3	4	
7	[9,4] 2	3	
7	[9,6] 1	2	
7	[9,8] 0	1	
7	[9,10] -1	0	
7	[9,12] -2	-1	
7	[9,14] -3	-2	
7	[9,16] -4	-3	
7	[9,18] -5	-4	
7	[9,20] -6	-5	
7	[9,22] -7	-6	
7	[9,24] -8	-7	
7	[9,25] -9	-8	-7	
7	[9,26] -10	-9	-8	-7	
7	[9,27] -11	-10	-9	-8	-7	
7	[9,28] -12	-11	-10	-9	-8	-7	
7	[9,29] -13	-12	-11	-10	-9	-8	-7	
7	[9,30] -14	-13	-12	-11	-10	-9	-8	-7	
7	[10,-3] 6	7	
7	[10,-1] 5	6	
7	[10,1] 4	5	
7	[10,3] 3	4	
7	[10,5] 2	3	
7	[10,7] 1	2	
7	[10,9] 0	1	
7	[10,11] -1	0	
7	[10,13] -2	-1	
7	[10,15] -3	-2	
7	[10,17] -4	-3	
7	[10,19] -5	-4	
7	[10,21] -6	-5	
7	[10,23] -7	-6	
7	[10,24] -8	-7	-6	
7	[10,25] -9	-8	-7	-6	
7	[10,26] -10	-9	-8	-7	-6	
7	[10,27] -11	-10	-9	-8	-7	-6	
7	[10,28] -12	-11	-10	-9	-8	-7	-6	
7	[10,29] -13	-12	-11	-10	-9	-8	-7	-6	
7	[10,30] -14	-13	-12	-11	-10	-9	-8	-7	-6	
7	[11,-4] 7	8	
7	[11,-2] 6	7	
7	[11,0] 5	6	
7	[11,2] 4	5	
7	[11,4] 3	4	
7	[11,6] 2	3	
7	[11,8] 1	2	
7	[11,10] 0	1	
7	[11,12] -1	0	
7	[11,14] -2	-1	
7	[11,16] -3	-2	
7	[11,18] -4	-3	
7	[11,20] -5	-4	
7	[11,22] -6	-5	
7	[11,23] -7	-6	-5	
7	[11,24] -8	-7	-6	-5	
7	[11,25] -9	-8	-7	-6	-5	
7	[11,26] -10	-9	-8	-7	-6	-5	
7	[11,27] -11	-10	-9	-8	-7	-6	-5	
7	[11,28] -12	-11	-10	-9	-8	-7	-6	-5	
7	[11,29] -13	-12	-11	-10	-9	-8	-7	-6	-5	
7	[11,30] -14	-13	-12	-11	-10	-9	-8	-7	-6	-5	
7	[12,-5] 8	9	
7	[12,-3] 7	8	
7	[12,-1] 6	7	
7	[12,1] 5	6	
7	[12,3] 4	5	
7	[12,5] 3	4	
7	[12,7] 2	3	
7	[12,9] 1	2	
7	[12,11] 0	1	
7	[12,13] -1	0	
7	[12,15] -2	-1	
7	[12,17] -3	-2	
7	[12,19] -4	-3	
7	[12,21] -5	-4	
7	[12,22] -6	-5	-4	
7	[12,23] -7	-6	-5	-4	
7	[12,24] -8	-7	-6	-5	-4	
7	[12,25] -9	-8	-7	-6	-5	-4	
7	[12,26] -10	-9	-8	-7	-6	-5	-4	
7	[12,27] -11	-10	-9	-8	-7	-6	-5	-4	
7	[12,28] -12	-11	-10	-9	-8	-7	-6	-5	-4	
7	[12,29] -13	-12	-11	-10	-9	-8	-7	-6	-5	-4	
7	[12,30] -14	-13	-12	-11	-10	-9	-8	-7	-6	-5	-4	
7	[13,-6] 9	10	
7	[13,-4] 8	9	
7	[13,-2] 7	8	
7	[13,0] 6	7	
7	[13,2] 5	6	
7	[13,4] 4	5	
7	[13,6] 3	4	
7	[13,8] 2	3	
7	[13,10] 1	2	
7	[13,12] 0	1	
7	[13,14] -1	0	
7	[13,16] -2	-1	
7	[13,18] -3	-2	
7	[13,20] -4	-3	
7	[13,21] -5	-4	-3	
7	[13,22] -6	-5	-4	-3	
7	[13,23] -7	-6	-5	-4	-3	
7	[13,24] -8	-7	-6	-5	-4	-3	
7	[13,25] -9	-8	-7	-6	-5	-4	-3	
7	[13,26] -10	-9	-8	-7	-6	-5	-4	-3	
7	[13,27] -11	-10	-9	-8	-7	-6	-5	-4	-3	
7	[13,28] -12	-11	-10	-9	-8	-7	-6	-5	-4	-3	
7	[13,29] -13	-12	-11	-10	-9	-8	-7	-6	-5	-4	-3	
7	[13,30] -14	-13	-12	-11	-10	-9	-8	-7	-6	-5	-4	-3	
7	[14,-7] 10	11	
7	[14,-5] 9	10	
7	[14,-3] 8	9	
7	[14,-1] 7	8	
7	[14,1] 6	7	
7	[14,3] 5	6	
7	[14,5] 4	5	
7	[14,7] 3	4	
7	[14,9] 2	3	
7	[14,11] 1	2	
7	[14,13] 0	1	
7	[14,15] -1	0	
7	[14,17] -2	-1	
7	[14,19] -3	-2	
7	[14,20] -4	-3	-2	
7	[14,21] -5	-4	-3	-2	
7	[14,22] -6	-5	-4	-3	-2	
7	[14,23] -7	-6	-5	-4	-3	-2	
7	[14,24] -8	-7	-6	-5	-4	-3	-2	
7	[14,25] -9	-8	-7	-6	-5	-4	-3	-2	
7	[14,26] -10	-9	-8	-7	-6	-5	-4	-3	-2	
7	[14,27] -11	-10	-9	-8	-7	-6	-5	-4	-3	-2	
7	[14,28] -12	-11	-10	-9	-8	-7	-6	-5	-4	-3	-2	
7	[14,29] -13	-12	-11	-10	-9	-8	-7	-6	-5	-4	-3	-2	
7	[14,30] -14	-13	-12	-11	-10	-9	-8	-7	-6	-5	-4	-3	-2	
7	[15,-8] 11	12	
7	[15,-6] 10	11	
7	[15,-4] 9	10	
7	[15,-2] 8	9	
7	[15,0] 7	8	
7	[15,2] 6	7	
7	[15,4] 5	6	
7	[15,6] 4	5	
7	[15,8] 3	4	
7	[15,10] 2	3	
7	[15,12] 1	2	
7	[15,14] 0	1	
7	[15,16] -1	0	
7	[15,18] -2	-1	
7	[15,19] -3	-2	-1	
7	[15,20] -4	-3	-2	-1	
7	[15,21] -5	-4	-3	-2	-1	
7	[15,22] -6	-5	-4	-3	-2	-1	
7	[15,23] -7	-6	-5	-4	-3	-2	-1	
7	[15,24] -8	-7	-6	-5	-4	-3	-2	-1	
7	[15,25] -9	-8	-7	-6	-5	-4	-3	-2	-1	
7	[15,26] -10	-9	-8	-7	-6	-5	-4	-3	-2	-1	
7	[15,27] -11	-10	-9	-8	-7	-6	-5	-4	-3	-2	-1	
7	[15,28] -12	-11	-10	-9	-8	-7	-6	-5	-4	-3	-2	-1	
7	[15,29] -13	-12	-11	-10	-9	-8	-7	-6	-5	-4	-3	-2	-1	
7	[15,30] -14	-13	-12	-11	-10	-9	-8	-7	-6	-5	-4	-3	-2	-1	
7	[16,-9] 12	13	
7	[16,-7] 11	12	
7	[16,-5] 10	11	
7	[16,-3] 9	10	
7	[16,-1] 8	9	
7	[16,1] 7	8	
7	[16,3] 6	7	
7	[16,5] 5	6	
7	[16,7] 4	5	
7	[16,9] 3	4	
7	[16,11] 2	3	
7	[16,13] 1	2	
7	[16,15] 0	1	
7	[16,17] -1	0	
7	[16,18] -2	-1	0	
7	[16,19] -3	-2	-1	0	
7	[16,20] -4	-3	-2	-1	0	
7	[16,21] -5	-4	-3	-2	-1	0	
7	[16,22] -6	-5	-4	-3	-2	-1	0	
7	[16,23] -7	-6	-5	-4	-3	-2	-1	0	
7	[16,24] -8	-7	-6	-5	-4	-3	-2	-1	0	
7	[16,25] -9	-8	-7	-6	-5	-4	-3	-2	-1	0	
7	[16,26] -10	-9	-8	-7	-6	-5	-4	-3	-2	-1	0	
7	[16,27] -11	-10	-9	-8	-7	-6	-5	-4	-3	-2	-1	0	
7	[16,28] -12	-11	-10	-9	-8	-7	-6	-5	-4	-3	-2	-1	0	
7	[16,29] -13	-12	-11	-10	-9	-8	-7	-6	-5	-4	-3	-2	-1	0	
7	[16,30] -14	-13	-12	-11	-10	-9	-8	-7	-6	-5	-4	-3	-2	-1	0	
7	[17,-10] 13	14	
7	[17,-8] 12	13	
7	[17,-6] 11	12	
7	[17,-4] 10	11	
7	[17,-2] 9	10	
7	[17,0] 8	9	
7	[17,2] 7	8	
7	[17,4] 6	7	
7	[17,6] 5	6	
7	[17,8] 4	5	
7	[17,10] 3	4	
7	[17,12] 2	3	
7	[17,14] 1	2	
7	[17,16] 0	1	
7	[17,17] -1	0	1	
7	[17,18] -2	-1	0	1	
7	[17,19] -3	-2	-1	0	1	
7	[17,20] -4	-3	-2	-1	0	1	
7	[17,21] -5	-4	-3	-2	-1	0	1	
7	[17,22] -6	-5	-4	-3	-2	-1	0	1	
7	[17,23] -7	-6	-5	-4	-3	-2	-1	0	1	
7	[17,24] -8	-7	-6	-5	-4	-3	-2	-1	0	1	
7	[17,25] -9	-8	-7	-6	-5	-4	-3	-2	-1	0	1	
7	[17,26] -10	-9	-8	-7	-6	-5	-4	-3	-2	-1	0	1	
7	[17,27] -11	-10	-9	-8	-7	-6	-5	-4	-3	-2	-1	0	1	
7	[17,28] -12	-11	-10	-9	-8	-7	-6	-5	-4	-3	-2	-1	0	1	
7	[17,29] -13	-12	-11	-10	-9	-8	-7	-6	-5	-4	-3	-2	-1	0	1	
7	[17,30] -13	-12	-11	-10	-9	-8	-7	-6	-5	-4	-3	-2	-1	0	
7	[18,-11] 14	15	
7	[18,-9] 13	14	
7	[18,-7] 12	13	
7	[18,-5] 11	12	
7	[18,-3] 10	11	
7	[18,-1] 9	10	
7	[18,1] 8	9	
7	[18,3] 7	8	
7	[18,5] 6	7	
7	[18,7] 5	6	
7	[18,9] 4	5	
7	[18,11] 3	4	
7	[18,13] 2	3	
7	[18,15] 1	2	
7	[18,16] 0	1	2	
7	[18,17] -1	0	1	2	
7	[18,18] -2	-1	0	1	2	
7	[18,19] -3	-2	-1	0	1	2	
7	[18,20] -4	-3	-2	-1	0	1	2	
7	[18,21] -5	-4	-3	-2	-1	0	1	2	
7	[18,22] -6	-5	-4	-3	-2	-1	0	1	2	
7	[18,23] -7	-6	-5	-4	-3	-2	-1	0	1	2	
7	[18,24] -8	-7	-6	-5	-4	-3	-2	-1	0	1	2	
7	[18,25] -9	-8	-7	-6	-5	-4	-3	-2	-1	0	1	2	
7	[18,26] -10	-9	-8	-7	-6	-5	-4	-3	-2	-1	0	1	2	
7	[18,27] -11	-10	-9	-8	-7	-6	-5	-4	-3	-2	-1	0	1	2	
7	[18,28] -12	-11	-10	-9	-8	-7	-6	-5	-4	-3	-2	-1	0	1	2	
7	[18,29] -12	-11	-10	-9	-8	-7	-6	-5	-4	-3	-2	-1	0	1	
7	[18,30] -12	-11	-10	-9	-8	-7	-6	-5	-4	-3	-2	-1	0	
7	[19,-12] 15	16	
7	[19,-10] 14	15	
7	[19,-8] 13	14	
7	[19,-6] 12	13	
7	[19,-4] 11	12	
7	[19,-2] 10	11	
7	[19,0] 9	10	
7	[19,2] 8	9	
7	[19,4] 7	8	
7	[19,6] 6	7	
7	[19,8] 5	6	
7	[19,10] 4	5	
7	[19,12] 3	4	
7	[19,14] 2	3	
7	[19,15] 1	2	3	
7	[19,16] 0	1	2	3	
7	[19,17] -1	0	1	2	3	
7	[19,18] -2	-1	0	1	2	3	
7	[19,19] -3	-2	-1	0	1	2	3	
7	[19,20] -4	-3	-2	-1	0	1	2	3	
7	[19,21] -5	-4	-3	-2	-1	0	1	2	3	
7	[19,22] -6	-5	-4	-3	-2	-1	0	1	2	3	
7	[19,23] -7	-6	-5	-4	-3	-2	-1	0	1	2	3	
7	[19,24] -8	-7	-6	-5	-4	-3	-2	-1	0	1	2	3	
7	[19,25] -9	-8	-7	-6	-5	-4	-3	-2	-1	0	1	2	3	
7	[19,26] -10	-9	-8	-7	-6	-5	-4	-3	-2	-1	0	1	2	3	
7	[19,27] -11	-10	-9	-8	-7	-6	-5	-4	-3	-2	-1	0	1	2	3	
7	[19,28] -11	-10	-9	-8	-7	-6	-5	-4	-3	-2	-1	0	1	2	
7	[19,29] -11	-10	-9	-8	-7	-6	-5	-4	-3	-2	-1	0	1	
7	[19,30] -11	-10	-9	-8	-7	-6	-5	-4	-3	-2	-1	0	
7	[20,-13] 16	17	
7	[20,-11] 15	16	
7	[20,-9] 14	15	
7	[20,-7] 13	14	
7	[20,-5] 12	13	
7	[20,-3] 11	12	
7	[20,-1] 10	11	
7	[20,1] 9	10	
7	[20,3] 8	9	
7	[20,5] 7	8	
7	[20,7] 6	7	
7	[20,9] 5	6	
7	[20,11] 4	5	
7	[20,13] 3	4	
7	[20,14] 2	3	4	
7	[20,15] 1	2	3	4	
7	[20,16] 0	1	2	3	4	
7	[20,17] -1	0	1	2	3	4	
7	[20,18] -2	-1	0	1	2	3	4	
7	[20,19] -3	-2	-1	0	1	2	3	4	
7	[20,20] -4	-3	-2	-1	0	1	2	3	4	
7	[20,21] -5	-4	-3	-2	-1	0	1	2	3	4	
7	[20,22] -6	-5	-4	-3	-2	-1	0	1	2	3	4	
7	[20,23] -7	-6	-5	-4	-3	-2	-1	0	1	2	3	4	
7	[20,24] -8	-7	-6	-5	-4	-3	-2	-1	0	1	2	3	4	
7	[20,25] -9	-8	-7	-6	-5	-4	-3	-2	-1	0	1	2	3	4	
7	[20,26] -10	-9	-8	-7	-6	-5	-4	-3	-2	-1	0	1	2	3	4	
7	[20,27] -10	-9	-8	-7	-6	-5	-4	-3	-2	-1	0	1	2	3	
7	[20,28] -10	-9	-8	-7	-6	-5	-4	-3	-2	-1	0	1	2	
7	[20,29] -10	-9	-8	-7	-6	-5	-4	-3	-2	-1	0	1	
7	[20,30] -10	-9	-8	-7	-6	-5	-4	-3	-2	-1	0	
7	[21,-14] 17	18	
7	[21,-12] 16	17	
7	[21,-10] 15	16	
7	[21,-8] 14	15	
7	[21,-6] 13	14	
7	[21,-4] 12	13	
7	[21,-2] 11	12	
7	[21,0] 10	11	
7	[21,2] 9	10	
7	[21,4] 8	9	
7	[21,6] 7	8	
7	[21,8] 6	7	
7	[21,10] 5	6	
7	[21,12] 4	5	
7	[21,13] 3	4	5	
7	[21,14] 2	3	4	5	
7	[21,15] 1	2	3	4	5	
7	[21,16] 0	1	2	3	4	5	
7	[21,17] -1	0	1	2	3	4	5	
7	[21,18] -2	-1	0	1	2	3	4	5	
7	[21,19] -3	-2	-1	0	1	2	3	4	5	
7	[21,20] -4	-3	-2	-1	0	1	2	3	4	5	
7	[21,21] -5	-4	-3	-2	-1	0	1	2	3	4	5	
7	[21,22] -6	-5	-4	-3	-2	-1	0	1	2	3	4	5	
7	[21,23] -7	-6	-5	-4	-3	-2	-1	0	1	2	3	4	5	
7	[21,24] -8	-7	-6	-5	-4	-3	-2	-1	0	1	2	3	4	5	
7	[21,25] -9	-8	-7	-6	-5	-4	-3	-2	-1	0	1	2	3	4	5	
7	[21,26] -9	-8	-7	-6	-5	-4	-3	-2	-1	0	1	2	3	4	
7	[21,27] -9	-8	-7	-6	-5	-4	-3	-2	-1	0	1	2	3	
7	[21,28] -9	-8	-7	-6	-5	-4	-3	-2	-1	0	1	2	
7	[21,29] -9	-8	-7	-6	-5	-4	-3	-2	-1	0	1	
7	[21,30] -9	-8	-7	-6	-5	-4	-3	-2	-1	0	
7	[22,-15] 18	19	
7	[22,-13] 17	18	
7	[22,-11] 16	17	
7	[22,-9] 15	16	
7	[22,-7] 14	15	
7	[22,-5] 13	14	
7	[22,-3] 12	13	
7	[22,-1] 11	12	
7	[22,1] 10	11	
7	[22,3] 9	10	
7	[22,5] 8	9	
7	[22,7] 7	8	
7	[22,9] 6	7	
7	[22,11] 5	6	
7	[22,12] 4	5	6	
7	[22,13] 3	4	5	6	
7	[22,14] 2	3	4	5	6	
7	[22,15] 1	2	3	4	5	6	
7	[22,16] 0	1	2	3	4	5	6	
7	[22,17] -1	0	1	2	3	4	5	6	
7	[22,18] -2	-1	0	1	2	3	4	5	6	
7	[22,19] -3	-2	-1	0	1	2	3	4	5	6	
7	[22,20] -4	-3	-2	-1	0	1	2	3	4	5	6	
7	[22,21] -5	-4	-3	-2	-1	0	1	2	3	4	5	6	
7	[22,22] -6	-5	-4	-3	-2	-1	0	1	2	3	4	5	6	
7	[22,23] -7	-6	-5	-4	-3	-2	-1	0	1	2	3	4	5	6	
7	[22,24] -8	-7	-6	-5	-4	-3	-2	-1	0	1	2	3	4	5	6	
7	[22,25] -8	-7	-6	-5	-4	-3	-2	-1	0	1	2	3	4	5	
7	[22,26] -8	-7	-6	-5	-4	-3	-2	-1	0	1	2	3	4	
7	[22,27] -8	-7	-6	-5	-4	-3	-2	-1	0	1	2	3	
7	[22,28] -8	-7	-6	-5	-4	-3	-2	-1	0	1	2	
7	[22,29] -8	-7	-6	-5	-4	-3	-2	-1	0	1	
7	[22,30] -8	-7	-6	-5	-4	-3	-2	-1	0	
7	[23,-16] 19	20	
7	[23,-14] 18	19	
7	[23,-12] 17	18	
7	[23,-10] 16	17	
7	[23,-8] 15	16	
7	[23,-6] 14	15	
7	[23,-4] 13	14	
7	[23,-2] 12	13	
7	[23,0] 11	12	
7	[23,2] 10	11	
7	[23,4] 9	10	
7	[23,6] 8	9	
7	[23,8] 7	8	
7	[23,10] 6	7	
7	[23,11] 5	6	7	
7	[23,12] 4	5	6	7	
7	[23,13] 3	4	5	6	7	
7	[23,14] 2	3	4	5	6	7	
7	[23,15] 1	2	3	4	5	6	7	
7	[23,16] 0	1	2	3	4	5	6	7	
7	[23,17] -1	0	1	2	3	4	5	6	7	
7	[23,18] -2	-1	0	1	2	3	4	5	6	7	
7	[23,19] -3	-2	-1	0	1	2	3	4	5	6	7	
7	[23,20] -4	-3	-2	-1	0	1	2	3	4	5	6	7	
7	[23,21] -5	-4	-3	-2	-1	0	1	2	3	4	5	6	7	
7	[23,22] -6	-5	-4	-3	-2	-1	0	1	2	3	4	5	6	7	
7	[23,23] -7	-6	-5	-4	-3	-2	-1	0	1	2	3	4	5	6	7	
7	[23,24] -7	-6	-5	-4	-3	-2	-1	0	1	2	3	4	5	6	
7	[23,25] -7	-6	-5	-4	-3	-2	-1	0	1	2	3	4	5	
7	[23,26] -7	-6	-5	-4	-3	-2	-1	0	1	2	3	4	
7	[23,27] -7	-6	-5	-4	-3	-2	-1	0	1	2	3	
7	[23,28] -7	-6	-5	-4	-3	-2	-1	0	1	2	
7	[23,29] -7	-6	-5	-4	-3	-2	-1	0	1	
7	[23,30] -7	-6	-5	-4	-3	-2	-1	0	
7	[24,-17] 20	21	
7	[24,-15] 19	20	
7	[24,-13] 18	19	
7	[24,-11] 17	18	
7	[24,-9] 16	17	
7	[24,-7] 15	16	
7	[24,-5] 14	15	
7	[24,-3] 13	14	
7	[24,-1] 12	13	
7	[24,1] 11	12	
7	[24,3] 10	11	
7	[24,5] 9	10	
7	[24,7] 8	9	
7	[24,9] 7	8	
7	[24,10] 6	7	8	
7	[24,11] 5	6	7	8	
7	[24,12] 4	5	6	7	8	
7	[24,13] 3	4	5	6	7	8	
7	[24,14] 2	3	4	5	6	7	8	
7	[24,15] 1	2	3	4	5	6	7	8	
7	[24,16] 0	1	2	3	4	5	6	7	8	
7	[24,17] -1	0	1	2	3	4	5	6	7	8	
7	[24,18] -2	-1	0	1	2	3	4	5	6	7	8	
7	[24,19] -3	-2	-1	0	1	2	3	4	5	6	7	8	
7	[24,20] -4	-3	-2	-1	0	1	2	3	4	5	6	7	8	
7	[24,21] -5	-4	-3	-2	-1	0	1	2	3	4	5	6	7	8	
7	[24,22] -6	-5	-4	-3	-2	-1	0	1	2	3	4	5	6	7	8	
7	[24,23] -6	-5	-4	-3	-2	-1	0	1	2	3	4	5	6	7	
7	[24,24] -6	-5	-4	-3	-2	-1	0	1	2	3	4	5	6	
7	[24,25] -6	-5	-4	-3	-2	-1	0	1	2	3	4	5	
7	[24,26] -6	-5	-4	-3	-2	-1	0	1	2	3	4	
7	[24,27] -6	-5	-4	-3	-2	-1	0	1	2	3	
7	[24,28] -6	-5	-4	-3	-2	-1	0	1	2	
7	[24,29] -6	-5	-4	-3	-2	-1	0	1	
7	[24,30] -6	-5	-4	-3	-2	-1	0	
7	[25,-18] 21	22	
7	[25,-16] 20	21	
7	[25,-14] 19	20	
7	[25,-12] 18	19	
7	[25,-10] 17	18	
7	[25,-8] 16	17	
7	[25,-6] 15	16	
7	[25,-4] 14	15	
7	[25,-2] 13	14	
7	[25,0] 12	13	
7	[25,2] 11	12	
7	[25,4] 10	11	
7	[25,6] 9	10	
7	[25,8] 8	9	
7	[25,9] 7	8	9	
7	[25,10] 6	7	8	9	
7	[25,11] 5	6	7	8	9	
7	[25,12] 4	5	6	7	8	9	
7	[25,13] 3	4	5	6	7	8	9	
7	[25,14] 2	3	4	5	6	7	8	9	
7	[25,15] 1	2	3	4	5	6	7	8	9	
7	[25,16] 0	1	2	3	4	5	6	7	8	9	
7	[25,17] -1	0	1	2	3	4	5	6	7	8	9	
7	[25,18] -2	-1	0	1	2	3	4	5	6	7	8	9	
7	[25,19] -3	-2	-1	0	1	2	3	4	5	6	7	8	9	
7	[25,20] -4	-3	-2	-1	0	1	2	3	4	5	6	7	8	9	
7	[25,21] -5	-4	-3	-2	-1	0	1	2	3	4	5	6	7	8	9	
7	[25,22] -5	-4	-3	-2	-1	0	1	2	3	4	5	6	7	8	
7	[25,23] -5	-4	-3	-2	-1	0	1	2	3	4	5	6	7	
7	[25,24] -5	-4	-3	-2	-1	0	1	2	3	4	5	6	
7	[25,25] -5	-4	-3	-2	-1	0	1	2	3	4	5	
7	[25,26] -5	-4	-3	-2	-1	0	1	2	3	4	
7	[25,27] -5	-4	-3	-2	-1	0	1	2	3	
7	[25,28] -5	-4	-3	-2	-1	0	1	2	
7	[25,29] -5	-4	-3	-2	-1	0	1	
7	[25,30] -5	-4	-3	-2	-1	0	
7	[26,-17] 21	22	
7	[26,-15] 20	21	
7	[26,-13] 19	20	
7	[26,-11] 18	19	
7	[26,-9] 17	18	
7	[26,-7] 16	17	
7	[26,-5] 15	16	
7	[26,-3] 14	15	
7	[26,-1] 13	14	
7	[26,1] 12	13	
7	[26,3] 11	12	
7	[26,5] 10	11	
7	[26,7] 9	10	
7	[26,8] 8	9	10	
7	[26,9] 7	8	9	10	
7	[26,10] 6	7	8	9	10	
7	[26,11] 5	6	7	8	9	10	
7	[26,12] 4	5	6	7	8	9	10	
7	[26,13] 3	4	5	6	7	8	9	10	
7	[26,14] 2	3	4	5	6	7	8	9	10	
7	[26,15] 1	2	3	4	5	6	7	8	9	10	
7	[26,16] 0	1	2	3	4	5	6	7	8	9	10	
7	[26,17] -1	0	1	2	3	4	5	6	7	8	9	10	
7	[26,18] -2	-1	0	1	2	3	4	5	6	7	8	9	10	
7	[26,19] -3	-2	-1	0	1	2	3	4	5	6	7	8	9	10	
7	[26,20] -4	-3	-2	-1	0	1	2	3	4	5	6	7	8	9	10	
7	[26,21] -4	-3	-2	-1	0	1	2	3	4	5	6	7	8	9	
7	[26,22] -4	-3	-2	-1	0	1	2	3	4	5	6	7	8	
7	[26,23] -4	-3	-2	-1	0	1	2	3	4	5	6	7	
7	[26,24] -4	-3	-2	-1	0	1	2	3	4	5	6	
7	[26,25] -4	-3	-2	-1	0	1	2	3	4	5	
7	[26,26] -4	-3	-2	-1	0	1	2	3	4	
7	[26,27] -4	-3	-2	-1	0	1	2	3	
7	[26,28] -4	-3	-2	-1	0	1	2	
7	[26,29] -4	-3	-2	-1	0	1	
7	[26,30] -4	-3	-2	-1	0	
7	[27,-16] 21	22	
7	[27,-14] 20	21	
7	[27,-12] 19	20	
7	[27,-10] 18	19	
7	[27,-8] 17	18	
7	[27,-6] 16	17	
7	[27,-4] 15	16	
7	[27,-2] 14	15	
7	[27,0] 13	14	
7	[27,2] 12	13	
7	[27,4] 11	12	
7	[27,6] 10	11	
7	[27,7] 9	10	11	
7	[27,8] 8	9	10	11	
7	[27,9] 7	8	9	10	11	
7	[27,10] 6	7	8	9	10	11	
7	[27,11] 5	6	7	8	9	10	11	
7	[27,12] 4	5	6	7	8	9	10	11	
7	[27,13] 3	4	5	6	7	8	9	10	11	
7	[27,14] 2	3	4	5	6	7	8	9	10	11	
7	[27,15] 1	2	3	4	5	6	7	8	9	10	11	
7	[27,16] 0	1	2	3	4	5	6	7	8	9	10	11	
7	[27,17] -1	0	1	2	3	4	5	6	7	8	9	10	11	
7	[27,18] -2	-1	0	1	2	3	4	5	6	7	8	9	10	11	
7	[27,19] -3	-2	-1	0	1	2	3	4	5	6	7	8	9	10	11	
7	[27,20] -3	-2	-1	0	1	2	3	4	5	6	7	8	9	10	
7	[27,21] -3	-2	-1	0	1	2	3	4	5	6	7	8	9	
7	[27,22] -3	-2	-1	0	1	2	3	4	5	6	7	8	
7	[27,23] -3	-2	-1	0	1	2	3	4	5	6	7	
7	[27,24] -3	-2	-1	0	1	2	3	4	5	6	
7	[27,25] -3	-2	-1	0	1	2	3	4	5	
7	[27,26] -3	-2	-1	0	1	2	3	4	
7	[27,27] -3	-2	-1	0	1	2	3	
7	[27,28] -3	-2	-1	0	1	2	
7	[27,29] -3	-2	-1	0	1	
7	[27,30] -3	-2	-1	0	
7	[28,-15] 21	22	
7	[28,-13] 20	21	
7	[28,-11] 19	20	
7	[28,-9] 18	19	
7	[28,-7] 17	18	
7	[28,-5] 16	17	
7	[28,-3] 15	16	
7	[28,-1] 14	15	
7	[28,1] 13	14	
7	[28,3] 12	13	
7	[28,5] 11	12	
7	[28,6] 10	11	12	
7	[28,7] 9	10	11	12	
7	[28,8] 8	9	10	11	12	
7	[28,9] 7	8	9	10	11	12	
7	[28,10] 6	7	8	9	10	11	12	
7	[28,11] 5	6	7	8	9	10	11	12	
7	[28,12] 4	5	6	7	8	9	10	11	12	
7	[28,13] 3	4	5	6	7	8	9	10	11	12	
7	[28,14] 2	3	4	5	6	7	8	9	10	11	12	
7	[28,15] 1	2	3	4	5	6	7	8	9	10	11	12	
7	[28,16] 0	1	2	3	4	5	6	7	8	9	10	11	12	
7	[28,17] -1	0	1	2	3	4	5	6	7	8	9	10	11	12	
7	[28,18] -2	-1	0	1	2	3	4	5	6	7	8	9	10	11	12	
7	[28,19] -2	-1	0	1	2	3	4	5	6	7	8	9	10	11	
7	[28,20] -2	-1	0	1	2	3	4	5	6	7	8	9	10	
7	[28,21] -2	-1	0	1	2	3	4	5	6	7	8	9	
7	[28,22] -2	-1	0	1	2	3	4	5	6	7	8	
7	[28,23] -2	-1	0	1	2	3	4	5	6	7	
7	[28,24] -2	-1	0	1	2	3	4	5	6	
7	[28,25] -2	-1	0	1	2	3	4	5	
7	[28,26] -2	-1	0	1	2	3	4	
7	[28,27] -2	-1	0	1	2	3	
7	[28,28] -2	-1	0	1	2	
7	[28,29] -2	-1	0	1	
7	[28,30] -2	-1	0	
7	[29,-14] 21	22	
7	[29,-12] 20	21	
7	[29,-10] 19	20	
7	[29,-8] 18	19	
7	[29,-6] 17	18	
7	[29,-4] 16	17	
7	[29,-2] 15	16	
7	[29,0] 14	15	
7	[29,2] 13	14	
7	[29,4] 12	13	
7	[29,5] 11	12	13	
7	[29,6] 10	11	12	13	
7	[29,7] 9	10	11	12	13	
7	[29,8] 8	9	10	11	12	13	
7	[29,9] 7	8	9	10	11	12	13	
7	[29,10] 6	7	8	9	10	11	12	13	
7	[29,11] 5	6	7	8	9	10	11	12	13	
7	[29,12] 4	5	6	7	8	9	10	11	12	13	
7	[29,13] 3	4	5	6	7	8	9	10	11	12	13	
7	[29,14] 2	3	4	5	6	7	8	9	10	11	12	13	
7	[29,15] 1	2	3	4	5	6	7	8	9	10	11	12	13	
7	[29,16] 0	1	2	3	4	5	6	7	8	9	10	11	12	13	
7	[29,17] -1	0	1	2	3	4	5	6	7	8	9	10	11	12	13	
7	[29,18] -1	0	1	2	3	4	5	6	7	8	9	10	11	12	
7	[29,19] -1	0	1	2	3	4	5	6	7	8	9	10	11	
7	[29,20] -1	0	1	2	3	4	5	6	7	8	9	10	
7	[29,21] -1	0	1	2	3	4	5	6	7	8	9	
7	[29,22] -1	0	1	2	3	4	5	6	7	8	
7	[29,23] -1	0	1	2	3	4	5	6	7	
7	[29,24] -1	0	1	2	3	4	5	6	
7	[29,25] -1	0	1	2	3	4	5	
7	[29,26] -1	0	1	2	3	4	
7	[29,27] -1	0	1	2	3	
7	[29,28] -1	0	1	2	
7	[29,29] -1	0	1	
7	[29,30] -1	0	
7	[30,-13] 21	22	
7	[30,-11] 20	21	
7	[30,-9] 19	20	
7	[30,-7] 18	19	
7	[30,-5] 17	18	
7	[30,-3] 16	17	
7	[30,-1] 15	16	
7	[30,1] 14	15	
7	[30,3] 13	14	
7	[30,4] 12	13	14	
7	[30,5] 11	12	13	14	
7	[30,6] 10	11	12	13	14	
7	[30,7] 9	10	11	12	13	14	
7	[30,8] 8	9	10	11	12	13	14	
7	[30,9] 7	8	9	10	11	12	13	14	
7	[30,10] 6	7	8	9	10	11	12	13	14	
7	[30,11] 5	6	7	8	9	10	11	12	13	14	
7	[30,12] 4	5	6	7	8	9	10	11	12	13	14	
7	[30,13] 3	4	5	6	7	8	9	10	11	12	13	14	
7	[30,14] 2	3	4	5	6	7	8	9	10	11	12	13	14	
7	[30,15] 1	2	3	4	5	6	7	8	9	10	11	12	13	14	
7	[30,16] 0	1	2	3	4	5	6	7	8	9	10	11	12	13	14	
7	[30,17] 0	1	2	3	4	5	6	7	8	9	10	11	12	13	
7	[30,18] 0	1	2	3	4	5	6	7	8	9	10	11	12	
7	[30,19] 0	1	2	3	4	5	6	7	8	9	10	11	
7	[30,20] 0	1	2	3	4	5	6	7	8	9	10	
7	[30,21] 0	1	2	3	4	5	6	7	8	9	
7	[30,22] 0	1	2	3	4	5	6	7	8	
7	[30,23] 0	1	2	3	4	5	6	7	
7	[30,24] 0	1	2	3	4	5	6	
7	[30,25] 0	1	2	3	4	5	
7	[30,26] 0	1	2	3	4	
7	[30,27] 0	1	2	3	
7	[30,28] 0	1	2	
7	[30,29] 0	1	
5	[-30,6] -5	-6	
5	[-30,7] -5	-6	-7	
5	[-30,8] -5	-6	-7	-8	
5	[-30,11] 0	-1	
5	[-30,13] -1	-2	
5	[-30,15] -2	-3	
5	[-30,17] -3	-4	
5	[-30,19] -4	-5	
5	[-29,5] -4	-5	
5	[-29,6] -4	-5	-6	
5	[-29,7] -4	-5	-6	-7	
5	[-29,8] -4	-5	-6	-7	-8	
5	[-29,12] 0	-1	
5	[-29,14] -1	-2	
5	[-29,16] -2	-3	
5	[-29,18] -3	-4	
5	[-28,4] -3	-4	
5	[-28,5] -3	-4	-5	
5	[-28,6] -3	-4	-5	-6	
5	[-28,7] -3	-4	-5	-6	-7	
5	[-28,13] 0	-1	
5	[-28,15] -1	-2	
5	[-28,17] -2	-3	
5	[-27,3] -2	-3	
5	[-27,4] -2	-3	-4	
5	[-27,5] -2	-3	-4	-5	
5	[-27,6] -2	-3	-4	-5	-6	
5	[-27,14] 0	-1	
5	[-27,16] -1	-2	
5	[-26,2] -1	-2	
5	[-26,3] -1	-2	-3	
5	[-26,4] -1	-2	-3	-4	
5	[-26,5] -1	-2	-3	-4	-5	
5	[-26,6] -1	-2	-3	-4	-5	-6	
5	[-26,15] 0	-1	
5	[-25,1] 0	-1	
5	[-25,2] 0	-1	-2	
5	[-25,3] 0	-1	-2	-3	
5	[-25,4] 0	-1	-2	-3	-4	
5	[-25,5] 0	-1	-2	-3	-4	-5	
5	[-24,1] 0	-1	
5	[-24,2] 0	-1	-2	
5	[-24,3] 0	-1	-2	-3	
5	[-24,4] 0	-1	-2	-3	-4	
5	[-24,5] 0	-1	-2	-3	-4	-5	
5	[-23,1] 0	-1	
5	[-23,2] 0	-1	-2	
5	[-23,3] 0	-1	-2	-3	
5	[-23,4] 0	-1	-2	-3	-4	
5	[-22,1] 0	-1	
5	[-22,2] 0	-1	-2	
5	[-22,3] 0	-1	-2	-3	
5	[-22,4] 0	-1	-2	-3	-4	
5	[-21,1] 0	-1	
5	[-21,2] 0	-1	-2	
5	[-21,3] 0	-1	-2	-3	
5	[-21,4] 0	-1	-2	-3	-4	
5	[-20,1] 0	-1	
5	[-20,2] 0	-1	-2	
5	[-20,3] 0	-1	-2	-3	
5	[-19,1] 0	-1	
5	[-19,2] 0	-1	-2	
5	[-19,3] 0	-1	-2	-3	
5	[-18,1] 0	-1	
5	[-18,2] 0	-1	-2	
5	[-18,3] 0	-1	-2	-3	
5	[-17,1] 0	-1	
5	[-17,2] 0	-1	-2	
5	[-17,3] 0	-1	-2	-3	
5	[-16,1] 0	-1	
5	[-16,2] 0	-1	-2	
5	[-16,3] 0	-1	-2	-3	
5	[-15,1] 0	-1	
5	[-15,2] 0	-1	-2	
5	[-15,3] 0	-1	-2	-3	
5	[-14,1] 0	-1	
5	[-14,2] 0	-1	-2	
5	[-14,3] 0	-1	-2	-3	
5	[-13,1] 0	-1	
5	[-13,2] 0	-1	-2	
5	[-13,3] 0	-1	-2	-3	
5	[-12,1] 0	-1	
5	[-12,2] 0	-1	-2	
5	[-12,3] 0	-1	-2	-3	
5	[-11,1] 0	-1	
5	[-11,2] 0	-1	-2	
5	[-11,3] 0	-1	-2	-3	
5	[-10,1] 0	-1	
5	[-10,2] 0	-1	-2	
5	[-10,3] 0	-1	-2	-3	
5	[-10,29] -19	-20	
5	[-9,1] 0	-1	
5	[-9,2] 0	-1	-2	
5	[-9,3] 0	-1	-2	-3	
5	[-9,28] -18	-19	
5	[-9,30] -19	-20	
5	[-8,1] 0	-1	
5	[-8,2] 0	-1	-2	
5	[-8,3] 0	-1	-2	-3	
5	[-8,27] -17	-18	
5	[-8,29] -18	-19	
5	[-7,1] 0	-1	
5	[-7,2] 0	-1	-2	
5	[-7,3] 0	-1	-2	-3	
5	[-7,26] -16	-17	
5	[-7,28] -17	-18	
5	[-7,30] -18	-19	
5	[-6,1] 0	-1	
5	[-6,2] 0	-1	-2	
5	[-6,3] 0	-1	-2	-3	
5	[-6,25] -15	-16	
5	[-6,27] -16	-17	
5	[-6,29] -17	-18	
5	[-5,1] 0	-1	
5	[-5,2] 0	-1	-2	
5	[-5,3] 0	-1	-2	-3	
5	[-5,23] -8	-20	
5	[-5,24] -14	-15	
5	[-5,26] -15	-16	
5	[-5,28] -16	-17	
5	[-5,30] -17	-18	
5	[-4,1] 0	-1	
5	[-4,2] 0	-1	-2	
5	[-4,3] 0	-1	-2	-3	
5	[-4,21] -6	-19	
5	[-4,22] -7	-19	
5	[-4,23] -13	-14	
5	[-4,25] -14	-15	
5	[-4,27] -15	-16	
5	[-4,29] -16	-17	
5	[-3,1] 0	-1	
5	[-3,2] 0	-1	-2	
5	[-3,3] 0	-1	-2	-3	
5	[-3,19] -4	-18	
5	[-3,20] -5	-18	
5	[-3,21] -6	-18	
5	[-3,22] -12	-13	
5	[-3,24] -13	-14	
5	[-3,26] -14	-15	
5	[-3,28] -15	-16	
5	[-3,30] -16	-17	
5	[-2,1] 0	-1	
5	[-2,2] 0	-1	-2	
5	[-2,3] 0	-1	-2	-3	
5	[-2,18] -3	-17	
5	[-2,19] -4	-17	
5	[-2,20] -5	-17	
5	[-2,21] -11	-12	
5	[-2,23] -12	-13	
5	[-2,25] -13	-14	
5	[-2,27] -14	-15	
5	[-2,29] -15	-16	
5	[-1,1] 0	-1	
5	[-1,2] 0	-1	-2	
5	[-1,3] 0	-1	-2	-3	
5	[-1,16] -1	-16	
5	[-1,17] -2	-16	
5	[-1,18] -3	-16	
5	[-1,19] -4	-16	
5	[-1,20] -10	-11	
5	[-1,22] -11	-12	
5	[-1,24] -12	-13	
5	[-1,26] -13	-14	
5	[-1,28] -14	-15	
5	[-1,30] -15	-16	
5	[0,1] 0	-1	
5	[0,2] 0	-1	-2	
5	[0,3] 0	-1	-2	-3	
5	[0,4] 0	-4	
5	[0,5] 0	-5	
5	[0,6] 0	-6	
5	[0,7] 0	-7	
5	[0,8] 0	-8	
5	[0,9] 0	-9	
5	[0,10] 0	-10	
5	[0,11] 0	-11	
5	[0,12] 0	-12	
5	[0,13] 0	-13	
5	[0,14] 0	-14	
5	[0,15] 0	-15	
5	[0,16] -1	-15	
5	[0,17] -2	-15	
5	[0,18] -3	-15	
5	[0,19] -9	-10	
5	[0,21] -10	-11	
5	[0,23] -11	-12	
5	[0,25] -12	-13	
5	[0,27] -13	-14	
5	[0,29] -14	-15	
5	[1,-25] 0	1	
5	[1,-24] 0	1	
5	[1,-23] 0	1	
5	[1,-22] 0	1	
5	[1,-21] 0	1	
5	[1,-20] 0	1	
5	[1,-19] 0	1	
5	[1,-18] 0	1	
5	[1,-17] 0	1	
5	[1,-16] 0	1	
5	[1,-15] 0	1	
5	[1,-14] 0	1	
5	[1,-13] 0	1	
5	[1,-12] 0	1	
5	[1,-11] 0	1	
5	[1,-10] 0	1	
5	[1,-9] 0	1	
5	[1,-8] 0	1	
5	[1,-7] 0	1	
5	[1,-6] 0	1	
5	[1,-5] 0	1	
5	[1,-4] 0	1	
5	[1,-3] 0	1	
5	[1,-2] 0	1	
5	[1,-1] 0	1	
5	[1,0] 0	1	
5	[1,1] -1	0	1	
5	[1,2] -2	-1	0	1	
5	[1,3] -3	1	
5	[1,4] -4	1	
5	[1,5] -5	1	
5	[1,6] -6	1	
5	[1,7] -7	1	
5	[1,8] -8	1	
5	[1,9] -9	1	
5	[1,10] -10	1	
5	[1,11] -11	1	
5	[1,12] -12	1	
5	[1,13] -13	1	
5	[1,14] -14	1	
5	[1,15] -14	0	
5	[1,16] -14	-1	
5	[1,17] -14	-2	
5	[1,18] -9	-8	
5	[1,20] -10	-9	
5	[1,22] -11	-10	
5	[1,24] -12	-11	
5	[1,26] -13	-12	
5	[1,28] -14	-13	
5	[1,30] -15	-14	
5	[2,-26] 1	2	
5	[2,-25] 0	1	2	
5	[2,-24] 0	1	2	
5	[2,-23] 0	1	2	
5	[2,-22] 0	1	2	
5	[2,-21] 0	1	2	
5	[2,-20] 0	1	2	
5	[2,-19] 0	1	2	
5	[2,-18] 0	1	2	
5	[2,-17] 0	1	2	
5	[2,-16] 0	1	2	
5	[2,-15] 0	1	2	
5	[2,-14] 0	1	2	
5	[2,-13] 0	1	2	
5	[2,-12] 0	1	2	
5	[2,-11] 0	1	2	
5	[2,-10] 0	1	2	
5	[2,-9] 0	1	2	
5	[2,-8] 0	1	2	
5	[2,-7] 0	1	2	
5	[2,-6] 0	1	2	
5	[2,-5] 0	1	2	
5	[2,-4] 0	1	2	
5	[2,-3] 0	1	2	
5	[2,-2] 0	1	2	
5	[2,-1] 0	1	2	
5	[2,0] 0	1	2	
5	[2,1] -1	0	1	2	
5	[2,2] -2	2	
5	[2,3] -3	2	
5	[2,4] -4	2	
5	[2,5] -5	2	
5	[2,6] -6	2	
5	[2,7] -7	2	
5	[2,8] -8	2	
5	[2,9] -9	2	
5	[2,10] -10	2	
5	[2,11] -11	2	
5	[2,12] -12	2	
5	[2,13] -13	2	
5	[2,14] -13	1	
5	[2,15] -13	0	
5	[2,16] -13	-1	
5	[2,17] -8	-7	
5	[2,19] -9	-8	
5	[2,21] -10	-9	
5	[2,23] -11	-10	
5	[2,25] -12	-11	
5	[2,27] -13	-12	
5	[2,29] -14	-13	
5	[3,-27] 2	3	
5	[3,-26] 1	2	3	
5	[3,-25] 0	1	2	3	
5	[3,-24] 0	1	2	3	
5	[3,-23] 0	1	2	3	
5	[3,-22] 0	1	2	3	
5	[3,-21] 0	1	2	3	
5	[3,-20] 0	1	2	3	
5	[3,-19] 0	1	2	3	
5	[3,-18] 0	1	2	3	
5	[3,-17] 0	1	2	3	
5	[3,-16] 0	1	2	3	
5	[3,-15] 0	1	2	3	
5	[3,-14] 0	1	2	3	
5	[3,-13] 0	1	2	3	
5	[3,-12] 0	1	2	3	
5	[3,-11] 0	1	2	3	
5	[3,-10] 0	1	2	3	
5	[3,-9] 0	1	2	3	
5	[3,-8] 0	1	2	3	
5	[3,-7] 0	1	2	3	
5	[3,-6] 0	1	2	3	
5	[3,-5] 0	1	2	3	
5	[3,-4] 0	1	2	3	
5	[3,-3] 0	1	2	3	
5	[3,-2] 0	1	2	3	
5	[3,-1] 0	1	2	3	
5	[3,0] 0	1	2	3	
5	[3,1] -1	3	
5	[3,2] -2	3	
5	[3,3] -3	3	
5	[3,4] -4	3	
5	[3,5] -5	3	
5	[3,6] -6	3	
5	[3,7] -7	3	
5	[3,8] -8	3	
5	[3,9] -9	3	
5	[3,10] -10	3	
5	[3,11] -11	3	
5	[3,12] -12	3	
5	[3,13] -12	2	
5	[3,14] -12	1	
5	[3,15] -12	0	
5	[3,16] -7	-6	
5	[3,18] -8	-7	
5	[3,20] -9	-8	
5	[3,22] -10	-9	
5	[3,24] -11	-10	
5	[3,26] -12	-11	
5	[3,28] -13	-12	
5	[3,30] -14	-13	
5	[4,-28] 3	4	
5	[4,-27] 2	3	4	
5	[4,-26] 1	2	3	4	
5	[4,-25] 0	1	2	3	4	
5	[4,-24] 0	1	2	3	4	
5	[4,-23] 0	1	2	3	4	
5	[4,-22] 0	1	2	3	4	
5	[4,-21] 0	1	2	3	4	
5	[4,0] 0	4	
5	[4,1] -1	4	
5	[4,2] -2	4	
5	[4,3] -3	4	
5	[4,4] -4	4	
5	[4,5] -5	4	
5	[4,6] -6	4	
5	[4,7] -7	4	
5	[4,8] -8	4	
5	[4,9] -9	4	
5	[4,10] -10	4	
5	[4,11] -11	4	
5	[4,12] -11	3	
5	[4,13] -11	2	
5	[4,14] -11	1	
5	[4,15] -6	-5	
5	[4,17] -7	-6	
5	[4,19] -8	-7	
5	[4,21] -9	-8	
5	[4,23] -10	-9	
5	[4,25] -11	-10	
5	[4,27] -12	-11	
5	[4,29] -13	-12	
5	[5,-29] 4	5	
5	[5,-28] 3	4	5	
5	[5,-27] 2	3	4	5	
5	[5,-26] 1	2	3	4	5	
5	[5,-25] 0	1	2	3	4	5	
5	[5,-24] 0	1	2	3	4	5	
5	[5,0] 0	5	
5	[5,1] -1	5	
5	[5,2] -2	5	
5	[5,3] -3	5	
5	[5,4] -4	5	
5	[5,5] -5	5	
5	[5,6] -6	5	
5	[5,7] -7	5	
5	[5,8] -8	5	
5	[5,9] -9	5	
5	[5,10] -10	5	
5	[5,11] -10	4	
5	[5,12] -10	3	
5	[5,13] -10	2	
5	[5,14] -5	-4	
5	[5,16] -6	-5	
5	[5,18] -7	-6	
5	[5,20] -8	-7	
5	[5,22] -9	-8	
5	[5,24] -10	-9	
5	[5,26] -11	-10	
5	[5,28] -12	-11	
5	[5,30] -13	-12	
5	[6,-30] 5	6	
5	[6,-29] 4	5	6	
5	[6,-28] 3	4	5	6	
5	[6,-27] 2	3	4	5	6	
5	[6,-26] 1	2	3	4	5	6	
5	[6,0] 0	6	
5	[6,1] -1	6	
5	[6,2] -2	6	
5	[6,3] -3	6	
5	[6,4] -4	6	
5	[6,5] -5	6	
5	[6,6] -6	6	
5	[6,7] -7	6	
5	[6,8] -8	6	
5	[6,9] -9	6	
5	[6,10] -9	5	
5	[6,11] -9	4	
5	[6,12] -9	3	
5	[6,13] -4	-3	
5	[6,15] -5	-4	
5	[6,17] -6	-5	
5	[6,19] -7	-6	
5	[6,21] -8	-7	
5	[6,23] -9	-8	
5	[6,25] -10	-9	
5	[6,27] -11	-10	
5	[6,29] -12	-11	
5	[7,-30] 5	6	7	
5	[7,-29] 4	5	6	7	
5	[7,-28] 3	4	5	6	7	
5	[7,0] 0	7	
5	[7,1] -1	7	
5	[7,2] -2	7	
5	[7,3] -3	7	
5	[7,4] -4	7	
5	[7,5] -5	7	
5	[7,6] -6	7	
5	[7,7] -7	7	
5	[7,8] -8	7	
5	[7,9] -8	6	
5	[7,10] -8	5	
5	[7,11] -8	4	
5	[7,12] -3	-2	
5	[7,14] -4	-3	
5	[7,16] -5	-4	
5	[7,18] -6	-5	
5	[7,20] -7	-6	
5	[7,22] -8	-7	
5	[7,24] -9	-8	
5	[7,26] -10	-9	
5	[7,28] -11	-10	
5	[7,30] -12	-11	
5	[8,-30] 5	6	7	8	
5	[8,-29] 4	5	6	7	8	
5	[8,0] 0	8	
5	[8,1] -1	8	
5	[8,2] -2	8	
5	[8,3] -3	8	
5	[8,4] -4	8	
5	[8,5] -5	8	
5	[8,6] -6	8	
5	[8,7] -7	8	
5	[8,8] -7	7	
5	[8,9] -7	6	
5	[8,10] -7	5	
5	[8,11] -2	-1	
5	[8,13] -3	-2	
5	[8,15] -4	-3	
5	[8,17] -5	-4	
5	[8,19] -6	-5	
5	[8,21] -7	-6	
5	[8,23] -8	-7	
5	[8,25] -9	-8	
5	[8,27] -10	-9	
5	[8,29] -11	-10	
5	[9,0] 0	9	
5	[9,1] -1	9	
5	[9,2] -2	9	
5	[9,3] -3	9	
5	[9,4] -4	9	
5	[9,5] -5	9	
5	[9,6] -6	9	
5	[9,7] -6	8	
5	[9,8] -6	7	
5	[9,9] -6	6	
5	[9,10] -1	0	
5	[9,12] -2	-1	
5	[9,14] -3	-2	
5	[9,16] -4	-3	
5	[9,18] -5	-4	
5	[9,20] -6	-5	
5	[9,22] -7	-6	
5	[9,24] -8	-7	
5	[9,26] -9	-8	
5	[9,28] -10	-9	
5	[9,30] -11	-10	
5	[10,0] 0	10	
5	[10,1] -1	10	
5	[10,2] -2	10	
5	[10,3] -3	10	
5	[10,4] -4	10	
5	[10,5] -5	10	
5	[10,6] -5	9	
5	[10,7] -5	8	
5	[10,8] -5	7	
5	[10,9] 0	1	
5	[10,11] -1	0	
5	[10,13] -2	-1	
5	[10,15] -3	-2	
5	[10,17] -4	-3	
5	[10,19] -5	-4	
5	[10,21] -6	-5	
5	[10,23] -7	-6	
5	[10,25] -8	-7	
5	[10,27] -9	-8	
5	[10,29] -10	-9	
5	[10,30] -11	-10	-9	
5	[11,-30] 0	1	
5	[11,0] 0	11	
5	[11,1] -1	11	
5	[11,2] -2	11	
5	[11,3] -3	11	
5	[11,4] -4	11	
5	[11,5] -4	10	
5	[11,6] -4	9	
5	[11,7] -4	8	
5	[11,8] 1	2	
5	[11,10] 0	1	
5	[11,12] -1	0	
5	[11,14] -2	-1	
5	[11,16] -3	-2	
5	[11,18] -4	-3	
5	[11,20] -5	-4	
5	[11,22] -6	-5	
5	[11,24] -7	-6	
5	[11,26] -8	-7	
5	[11,28] -9	-8	
5	[11,29] -10	-9	-8	
5	[11,30] -11	-10	-9	-8	
5	[12,-29] 0	1	
5	[12,0] 0	12	
5	[12,1] -1	12	
5	[12,2] -2	12	
5	[12,3] -3	12	
5	[12,4] -3	11	
5	[12,5] -3	10	
5	[12,6] -3	9	
5	[12,7] 2	3	
5	[12,9] 1	2	
5	[12,11] 0	1	
5	[12,13] -1	0	
5	[12,15] -2	-1	
5	[12,17] -3	-2	
5	[12,19] -4	-3	
5	[12,21] -5	-4	
5	[12,23] -6	-5	
5	[12,25] -7	-6	
5	[12,27] -8	-7	
5	[12,28] -9	-8	-7	
5	[12,29] -10	-9	-8	-7	
5	[12,30] -11	-10	-9	-8	-7	
5	[13,-30] 1	2	
5	[13,-28] 0	1	
5	[13,0] 0	13	
5	[13,1] -1	13	
5	[13,2] -2	13	
5	[13,3] -2	12	
5	[13,4] -2	11	
5	[13,5] -2	10	
5	[13,6] 3	4	
5	[13,8] 2	3	
5	[13,10] 1	2	
5	[13,12] 0	1	
5	[13,14] -1	0	
5	[13,16] -2	-1	
5	[13,18] -3	-2	
5	[13,20] -4	-3	
5	[13,22] -5	-4	
5	[13,24] -6	-5	
5	[13,26] -7	-6	
5	[13,27] -8	-7	-6	
5	[13,28] -9	-8	-7	-6	
5	[13,29] -10	-9	-8	-7	-6	
5	[13,30] -11	-10	-9	-8	-7	-6	
5	[14,-29] 1	2	
5	[14,-27] 0	1	
5	[14,0] 0	14	
5	[14,1] -1	14	
5	[14,2] -1	13	
5	[14,3] -1	12	
5	[14,4] -1	11	
5	[14,5] 4	5	
5	[14,7] 3	4	
5	[14,9] 2	3	
5	[14,11] 1	2	
5	[14,13] 0	1	
5	[14,15] -1	0	
5	[14,17] -2	-1	
5	[14,19] -3	-2	
5	[14,21] -4	-3	
5	[14,23] -5	-4	
5	[14,25] -6	-5	
5	[14,26] -7	-6	-5	
5	[14,27] -8	-7	-6	-5	
5	[14,28] -9	-8	-7	-6	-5	
5	[14,29] -10	-9	-8	-7	-6	-5	
5	[14,30] -11	-10	-9	-8	-7	-6	-5	
5	[15,-30] 2	3	
5	[15,-28] 1	2	
5	[15,-26] 0	1	
5	[15,0] 0	15	
5	[15,1] 0	14	
5	[15,2] 0	13	
5	[15,3] 0	12	
5	[15,4] 5	6	
5	[15,6] 4	5	
5	[15,8] 3	4	
5	[15,10] 2	3	
5	[15,12] 1	2	
5	[15,14] 0	1	
5	[15,16] -1	0	
5	[15,18] -2	-1	
5	[15,20] -3	-2	
5	[15,22] -4	-3	
5	[15,24] -5	-4	
5	[15,25] -6	-5	-4	
5	[15,26] -7	-6	-5	-4	
5	[15,27] -8	-7	-6	-5	-4	
5	[15,28] -9	-8	-7	-6	-5	-4	
5	[15,29] -10	-9	-8	-7	-6	-5	-4	
5	[15,30] -11	-10	-9	-8	-7	-6	-5	-4	
5	[16,-29] 2	3	
5	[16,-27] 1	2	
5	[16,-1] 1	16	
5	[16,0] 1	15	
5	[16,1] 1	14	
5	[16,2] 1	13	
5	[16,3] 6	7	
5	[16,5] 5	6	
5	[16,7] 4	5	
5	[16,9] 3	4	
5	[16,11] 2	3	
5	[16,13] 1	2	
5	[16,15] 0	1	
5	[16,17] -1	0	
5	[16,19] -2	-1	
5	[16,21] -3	-2	
5	[16,23] -4	-3	
5	[16,24] -5	-4	-3	
5	[16,25] -6	-5	-4	-3	
5	[16,26] -7	-6	-5	-4	-3	
5	[16,27] -8	-7	-6	-5	-4	-3	
5	[16,28] -9	-8	-7	-6	-5	-4	-3	
5	[16,29] -10	-9	-8	-7	-6	-5	-4	-3	
5	[16,30] -11	-10	-9	-8	-7	-6	-5	-4	-3	
5	[17,-30] 3	4	
5	[17,-28] 2	3	
5	[17,-1] 2	16	
5	[17,0] 2	15	
5	[17,1] 2	14	
5	[17,2] 7	8	
5	[17,4] 6	7	
5	[17,6] 5	6	
5	[17,8] 4	5	
5	[17,10] 3	4	
5	[17,12] 2	3	
5	[17,14] 1	2	
5	[17,16] 0	1	
5	[17,18] -1	0	
5	[17,20] -2	-1	
5	[17,22] -3	-2	
5	[17,23] -4	-3	-2	
5	[17,24] -5	-4	-3	-2	
5	[17,25] -6	-5	-4	-3	-2	
5	[17,26] -7	-6	-5	-4	-3	-2	
5	[17,27] -8	-7	-6	-5	-4	-3	-2	
5	[17,28] -9	-8	-7	-6	-5	-4	-3	-2	
5	[17,29] -10	-9	-8	-7	-6	-5	-4	-3	-2	
5	[17,30] -11	-10	-9	-8	-7	-6	-5	-4	-3	-2	
5	[18,-29] 3	4	
5	[18,-2] 3	17	
5	[18,-1] 3	16	
5	[18,0] 3	15	
5	[18,1] 8	9	
5	[18,3] 7	8	
5	[18,5] 6	7	
5	[18,7] 5	6	
5	[18,9] 4	5	
5	[18,11] 3	4	
5	[18,13] 2	3	
5	[18,15] 1	2	
5	[18,17] 0	1	
5	[18,19] -1	0	
5	[18,21] -2	-1	
5	[18,22] -3	-2	-1	
5	[18,23] -4	-3	-2	-1	
5	[18,24] -5	-4	-3	-2	-1	
5	[18,25] -6	-5	-4	-3	-2	-1	
5	[18,26] -7	-6	-5	-4	-3	-2	-1	
5	[18,27] -8	-7	-6	-5	-4	-3	-2	-1	
5	[18,28] -9	-8	-7	-6	-5	-4	-3	-2	-1	
5	[18,29] -10	-9	-8	-7	-6	-5	-4	-3	-2	-1	
5	[18,30] -11	-10	-9	-8	-7	-6	-5	-4	-3	-2	-1	
5	[19,-30] 4	5	
5	[19,-3] 4	18	
5	[19,-2] 4	17	
5	[19,-1] 4	16	
5	[19,0] 9	10	
5	[19,2] 8	9	
5	[19,4] 7	8	
5	[19,6] 6	7	
5	[19,8] 5	6	
5	[19,10] 4	5	
5	[19,12] 3	4	
5	[19,14] 2	3	
5	[19,16] 1	2	
5	[19,18] 0	1	
5	[19,20] -1	0	
5	[19,21] -2	-1	0	
5	[19,22] -3	-2	-1	0	
5	[19,23] -4	-3	-2	-1	0	
5	[19,24] -5	-4	-3	-2	-1	0	
5	[19,25] -6	-5	-4	-3	-2	-1	0	
5	[19,26] -7	-6	-5	-4	-3	-2	-1	0	
5	[19,27] -8	-7	-6	-5	-4	-3	-2	-1	0	
5	[19,28] -9	-8	-7	-6	-5	-4	-3	-2	-1	0	
5	[19,29] -10	-9	-8	-7	-6	-5	-4	-3	-2	-1	0	
5	[19,30] -11	-10	-9	-8	-7	-6	-5	-4	-3	-2	-1	0	
5	[20,-3] 5	18	
5	[20,-2] 5	17	
5	[20,-1] 10	11	
5	[20,1] 9	10	
5	[20,3] 8	9	
5	[20,5] 7	8	
5	[20,7] 6	7	
5	[20,9] 5	6	
5	[20,11] 4	5	
5	[20,13] 3	4	
5	[20,15] 2	3	
5	[20,17] 1	2	
5	[20,19] 0	1	
5	[20,20] -1	0	1	
5	[20,21] -2	-1	0	1	
5	[20,22] -3	-2	-1	0	1	
5	[20,23] -4	-3	-2	-1	0	1	
5	[20,24] -5	-4	-3	-2	-1	0	1	
5	[20,25] -6	-5	-4	-3	-2	-1	0	1	
5	[20,26] -7	-6	-5	-4	-3	-2	-1	0	1	
5	[20,27] -8	-7	-6	-5	-4	-3	-2	-1	0	1	
5	[20,28] -9	-8	-7	-6	-5	-4	-3	-2	-1	0	1	
5	[20,29] -10	-9	-8	-7	-6	-5	-4	-3	-2	-1	0	1	
5	[20,30] -10	-9	-8	-7	-6	-5	-4	-3	-2	-1	0	
5	[21,-4] 6	19	
5	[21,-3] 6	18	
5	[21,-2] 11	12	
5	[21,0] 10	11	
5	[21,2] 9	10	
5	[21,4] 8	9	
5	[21,6] 7	8	
5	[21,8] 6	7	
5	[21,10] 5	6	
5	[21,12] 4	5	
5	[21,14] 3	4	
5	[21,16] 2	3	
5	[21,18] 1	2	
5	[21,19] 0	1	2	
5	[21,20] -1	0	1	2	
5	[21,21] -2	-1	0	1	2	
5	[21,22] -3	-2	-1	0	1	2	
5	[21,23] -4	-3	-2	-1	0	1	2	
5	[21,24] -5	-4	-3	-2	-1	0	1	2	
5	[21,25] -6	-5	-4	-3	-2	-1	0	1	2	
5	[21,26] -7	-6	-5	-4	-3	-2	-1	0	1	2	
5	[21,27] -8	-7	-6	-5	-4	-3	-2	-1	0	1	2	
5	[21,28] -9	-8	-7	-6	-5	-4	-3	-2	-1	0	1	2	
5	[21,29] -9	-8	-7	-6	-5	-4	-3	-2	-1	0	1	
5	[21,30] -9	-8	-7	-6	-5	-4	-3	-2	-1	0	
5	[22,-4] 7	19	
5	[22,-3] 12	13	
5	[22,-1] 11	12	
5	[22,1] 10	11	
5	[22,3] 9	10	
5	[22,5] 8	9	
5	[22,7] 7	8	
5	[22,9] 6	7	
5	[22,11] 5	6	
5	[22,13] 4	5	
5	[22,15] 3	4	
5	[22,17] 2	3	
5	[22,18] 1	2	3	
5	[22,19] 0	1	2	3	
5	[22,20] -1	0	1	2	3	
5	[22,21] -2	-1	0	1	2	3	
5	[22,22] -3	-2	-1	0	1	2	3	
5	[22,23] -4	-3	-2	-1	0	1	2	3	
5	[22,24] -5	-4	-3	-2	-1	0	1	2	3	
5	[22,25] -6	-5	-4	-3	-2	-1	0	1	2	3	
5	[22,26] -7	-6	-5	-4	-3	-2	-1	0	1	2	3	
5	[22,27] -8	-7	-6	-5	-4	-3	-2	-1	0	1	2	3	
5	[22,28] -8	-7	-6	-5	-4	-3	-2	-1	0	1	2	
5	[22,29] -8	-7	-6	-5	-4	-3	-2	-1	0	1	
5	[22,30] -8	-7	-6	-5	-4	-3	-2	-1	0	
5	[23,-5] 8	20	
5	[23,-4] 13	14	
5	[23,-2] 12	13	
5	[23,0] 11	12	
5	[23,2] 10	11	
5	[23,4] 9	10	
5	[23,6] 8	9	
5	[23,8] 7	8	
5	[23,10] 6	7	
5	[23,12] 5	6	
5	[23,14] 4	5	
5	[23,16] 3	4	
5	[23,17] 2	3	4	
5	[23,18] 1	2	3	4	
5	[23,19] 0	1	2	3	4	
5	[23,20] -1	0	1	2	3	4	
5	[23,21] -2	-1	0	1	2	3	4	
5	[23,22] -3	-2	-1	0	1	2	3	4	
5	[23,23] -4	-3	-2	-1	0	1	2	3	4	
5	[23,24] -5	-4	-3	-2	-1	0	1	2	3	4	
5	[23,25] -6	-5	-4	-3	-2	-1	0	1	2	3	4	
5	[23,26] -7	-6	-5	-4	-3	-2	-1	0	1	2	3	4	
5	[23,27] -7	-6	-5	-4	-3	-2	-1	0	1	2	3	
5	[23,28] -7	-6	-5	-4	-3	-2	-1	0	1	2	
5	[23,29] -7	-6	-5	-4	-3	-2	-1	0	1	
5	[23,30] -7	-6	-5	-4	-3	-2	-1	0	
5	[24,-5] 14	15	
5	[24,-3] 13	14	
5	[24,-1] 12	13	
5	[24,1] 11	12	
5	[24,3] 10	11	
5	[24,5] 9	10	
5	[24,7] 8	9	
5	[24,9] 7	8	
5	[24,11] 6	7	
5	[24,13] 5	6	
5	[24,15] 4	5	
5	[24,16] 3	4	5	
5	[24,17] 2	3	4	5	
5	[24,18] 1	2	3	4	5	
5	[24,19] 0	1	2	3	4	5	
5	[24,20] -1	0	1	2	3	4	5	
5	[24,21] -2	-1	0	1	2	3	4	5	
5	[24,22] -3	-2	-1	0	1	2	3	4	5	
5	[24,23] -4	-3	-2	-1	0	1	2	3	4	5	
5	[24,24] -5	-4	-3	-2	-1	0	1	2	3	4	5	
5	[24,25] -6	-5	-4	-3	-2	-1	0	1	2	3	4	5	
5	[24,26] -6	-5	-4	-3	-2	-1	0	1	2	3	4	
5	[24,27] -6	-5	-4	-3	-2	-1	0	1	2	3	
5	[24,28] -6	-5	-4	-3	-2	-1	0	1	2	
5	[24,29] -6	-5	-4	-3	-2	-1	0	1	
5	[24,30] -6	-5	-4	-3	-2	-1	0	
5	[25,-6] 15	16	
5	[25,-4] 14	15	
5	[25,-2] 13	14	
5	[25,0] 12	13	
5	[25,2] 11	12	
5	[25,4] 10	11	
5	[25,6] 9	10	
5	[25,8] 8	9	
5	[25,10] 7	8	
5	[25,12] 6	7	
5	[25,14] 5	6	
5	[25,15] 4	5	6	
5	[25,16] 3	4	5	6	
5	[25,17] 2	3	4	5	6	
5	[25,18] 1	2	3	4	5	6	
5	[25,19] 0	1	2	3	4	5	6	
5	[25,20] -1	0	1	2	3	4	5	6	
5	[25,21] -2	-1	0	1	2	3	4	5	6	
5	[25,22] -3	-2	-1	0	1	2	3	4	5	6	
5	[25,23] -4	-3	-2	-1	0	1	2	3	4	5	6	
5	[25,24] -5	-4	-3	-2	-1	0	1	2	3	4	5	6	
5	[25,25] -5	-4	-3	-2	-1	0	1	2	3	4	5	
5	[25,26] -5	-4	-3	-2	-1	0	1	2	3	4	
5	[25,27] -5	-4	-3	-2	-1	0	1	2	3	
5	[25,28] -5	-4	-3	-2	-1	0	1	2	
5	[25,29] -5	-4	-3	-2	-1	0	1	
5	[25,30] -5	-4	-3	-2	-1	0	
5	[26,-7] 16	17	
5	[26,-5] 15	16	
5	[26,-3] 14	15	
5	[26,-1] 13	14	
5	[26,1] 12	13	
5	[26,3] 11	12	
5	[26,5] 10	11	
5	[26,7] 9	10	
5	[26,9] 8	9	
5	[26,11] 7	8	
5	[26,13] 6	7	
5	[26,14] 5	6	7	
5	[26,15] 4	5	6	7	
5	[26,16] 3	4	5	6	7	
5	[26,17] 2	3	4	5	6	7	
5	[26,18] 1	2	3	4	5	6	7	
5	[26,19] 0	1	2	3	4	5	6	7	
5	[26,20] -1	0	1	2	3	4	5	6	7	
5	[26,21] -2	-1	0	1	2	3	4	5	6	7	
5	[26,22] -3	-2	-1	0	1	2	3	4	5	6	7	
5	[26,23] -4	-3	-2	-1	0	1	2	3	4	5	6	7	
5	[26,24] -4	-3	-2	-1	0	1	2	3	4	5	6	
5	[26,25] -4	-3	-2	-1	0	1	2	3	4	5	
5	[26,26] -4	-3	-2	-1	0	1	2	3	4	
5	[26,27] -4	-3	-2	-1	0	1	2	3	
5	[26,28] -4	-3	-2	-1	0	1	2	
5	[26,29] -4	-3	-2	-1	0	1	
5	[26,30] -4	-3	-2	-1	0	
5	[27,-8] 17	18	
5	[27,-6] 16	17	
5	[27,-4] 15	16	
5	[27,-2] 14	15	
5	[27,0] 13	14	
5	[27,2] 12	13	
5	[27,4] 11	12	
5	[27,6] 10	11	
5	[27,8] 9	10	
5	[27,10] 8	9	
5	[27,12] 7	8	
5	[27,13] 6	7	8	
5	[27,14] 5	6	7	8	
5	[27,15] 4	5	6	7	8	
5	[27,16] 3	4	5	6	7	8	
5	[27,17] 2	3	4	5	6	7	8	
5	[27,18] 1	2	3	4	5	6	7	8	
5	[27,19] 0	1	2	3	4	5	6	7	8	
5	[27,20] -1	0	1	2	3	4	5	6	7	8	
5	[27,21] -2	-1	0	1	2	3	4	5	6	7	8	
5	[27,22] -3	-2	-1	0	1	2	3	4	5	6	7	8	
5	[27,23] -3	-2	-1	0	1	2	3	4	5	6	7	
5	[27,24] -3	-2	-1	0	1	2	3	4	5	6	
5	[27,25] -3	-2	-1	0	1	2	3	4	5	
5	[27,26] -3	-2	-1	0	1	2	3	4	
5	[27,27] -3	-2	-1	0	1	2	3	
5	[27,28] -3	-2	-1	0	1	2	
5	[27,29] -3	-2	-1	0	1	
5	[27,30] -3	-2	-1	0	
5	[28,-9] 18	19	
5	[28,-7] 17	18	
5	[28,-5] 16	17	
5	[28,-3] 15	16	
5	[28,-1] 14	15	
5	[28,1] 13	14	
5	[28,3] 12	13	
5	[28,5] 11	12	
5	[28,7] 10	11	
5	[28,9] 9	10	
5	[28,11] 8	9	
5	[28,12] 7	8	9	
5	[28,13] 6	7	8	9	
5	[28,14] 5	6	7	8	9	
5	[28,15] 4	5	6	7	8	9	
5	[28,16] 3	4	5	6	7	8	9	
5	[28,17] 2	3	4	5	6	7	8	9	
5	[28,18] 1	2	3	4	5	6	7	8	9	
5	[28,19] 0	1	2	3	4	5	6	7	8	9	
5	[28,20] -1	0	1	2	3	4	5	6	7	8	9	
5	[28,21] -2	-1	0	1	2	3	4	5	6	7	8	9	
5	[28,22] -2	-1	0	1	2	3	4	5	6	7	8	
5	[28,23] -2	-1	0	1	2	3	4	5	6	7	
5	[28,24] -2	-1	0	1	2	3	4	5	6	
5	[28,25] -2	-1	0	1	2	3	4	5	
5	[28,26] -2	-1	0	1	2	3	4	
5	[28,27] -2	-1	0	1	2	3	
5	[28,28] -2	-1	0	1	2	
5	[28,29] -2	-1	0	1	
5	[28,30] -2	-1	0	
5	[29,-10] 19	20	
5	[29,-8] 18	19	
5	[29,-6] 17	18	
5	[29,-4] 16	17	
5	[29,-2] 15	16	
5	[29,0] 14	15	
5	[29,2] 13	14	
5	[29,4] 12	13	
5	[29,6] 11	12	
5	[29,8] 10	11	
5	[29,10] 9	10	
5	[29,11] 8	9	10	
5	[29,12] 7	8	9	10	
5	[29,13] 6	7	8	9	10	
5	[29,14] 5	6	7	8	9	10	
5	[29,15] 4	5	6	7	8	9	10	
5	[29,16] 3	4	5	6	7	8	9	10	
5	[29,17] 2	3	4	5	6	7	8	9	10	
5	[29,18] 1	2	3	4	5	6	7	8	9	10	
5	[29,19] 0	1	2	3	4	5	6	7	8	9	10	
5	[29,20] -1	0	1	2	3	4	5	6	7	8	9	10	
5	[29,21] -1	0	1	2	3	4	5	6	7	8	9	
5	[29,22] -1	0	1	2	3	4	5	6	7	8	
5	[29,23] -1	0	1	2	3	4	5	6	7	
5	[29,24] -1	0	1	2	3	4	5	6	
5	[29,25] -1	0	1	2	3	4	5	
5	[29,26] -1	0	1	2	3	4	
5	[29,27] -1	0	1	2	3	
5	[29,28] -1	0	1	2	
5	[29,29] -1	0	1	
5	[29,30] -1	0	
5	[30,-9] 19	20	
5	[30,-7] 18	19	
5	[30,-5] 17	18	
5	[30,-3] 16	17	
5	[30,-1] 15	16	
5	[30,1] 14	15	
5	[30,3] 13	14	
5	[30,5] 12	13	
5	[30,7] 11	12	
5	[30,9] 10	11	
5	[30,10] 9	10	11	
5	[30,11] 8	9	10	11	
5	[30,12] 7	8	9	10	11	
5	[30,13] 6	7	8	9	10	11	
5	[30,14] 5	6	7	8	9	10	11	
5	[30,15] 4	5	6	7	8	9	10	11	
5	[30,16] 3	4	5	6	7	8	9	10	11	
5	[30,17] 2	3	4	5	6	7	8	9	10	11	
5	[30,18] 1	2	3	4	5	6	7	8	9	10	11	
5	[30,19] 0	1	2	3	4	5	6	7	8	9	10	11	
5	[30,20] 0	1	2	3	4	5	6	7	8	9	10	
5	[30,21] 0	1	2	3	4	5	6	7	8	9	
5	[30,22] 0	1	2	3	4	5	6	7	8	
5	[30,23] 0	1	2	3	4	5	6	7	
5	[30,24] 0	1	2	3	4	5	6	
5	[30,25] 0	1	2	3	4	5	
5	[30,26] 0	1	2	3	4	
5	[30,27] 0	1	2	3	
5	[30,28] 0	1	2	
5	[30,29] 0	1	
3	[-30,11] 0	-1	
3	[-30,13] -1	-2	
3	[-30,14] -2	-3	
3	[-30,15] -3	-4	
3	[-30,16] -4	-5	
3	[-30,17] -5	-6	
3	[-30,18] -6	-7	
3	[-30,19] -7	-8	
3	[-30,20] -8	-9	
3	[-30,21] -9	-10	
3	[-30,22] -10	-11	
3	[-30,23] -11	-12	
3	[-30,24] -6	-7	-8	
3	[-30,25] -6	-7	-8	-9	
3	[-30,26] -6	-7	-8	-9	-10	
3	[-30,27] -6	-7	-8	-9	-10	-11	
3	[-30,28] -6	-7	-8	-9	-10	-11	-12	
3	[-30,29] -6	-7	-8	-9	-10	-11	-12	-13	
3	[-30,30] -7	-8	-9	-10	-11	-12	-13	-14	
3	[-29,12] 0	-1	
3	[-29,13] -1	-2	
3	[-29,14] -2	-3	
3	[-29,15] -3	-4	
3	[-29,16] -4	-5	
3	[-29,17] -5	-6	
3	[-29,18] -6	-7	
3	[-29,19] -7	-8	
3	[-29,20] -8	-9	
3	[-29,21] -9	-10	
3	[-29,22] -10	-11	
3	[-29,23] -5	-6	-7	
3	[-29,24] -5	-6	-7	-8	
3	[-29,25] -5	-6	-7	-8	-9	
3	[-29,26] -5	-6	-7	-8	-9	-10	
3	[-29,27] -5	-6	-7	-8	-9	-10	-11	
3	[-29,28] -5	-6	-7	-8	-9	-10	-11	-12	
3	[-29,29] -6	-7	-8	-9	-10	-11	-12	-13	
3	[-29,30] -7	-8	-9	-10	-11	-12	-13	-14	
3	[-28,12] 0	-1	
3	[-28,13] -1	-2	
3	[-28,14] -2	-3	
3	[-28,15] -3	-4	
3	[-28,16] -4	-5	
3	[-28,17] -5	-6	
3	[-28,18] -6	-7	
3	[-28,19] -7	-8	
3	[-28,20] -8	-9	
3	[-28,21] -9	-10	
3	[-28,22] -4	-5	-6	
3	[-28,23] -4	-5	-6	-7	
3	[-28,24] -4	-5	-6	-7	-8	
3	[-28,25] -4	-5	-6	-7	-8	-9	
3	[-28,26] -4	-5	-6	-7	-8	-9	-10	
3	[-28,27] -4	-5	-6	-7	-8	-9	-10	-11	
3	[-28,28] -5	-6	-7	-8	-9	-10	-11	-12	
3	[-28,29] -6	-7	-8	-9	-10	-11	-12	-13	
3	[-28,30] -7	-8	-9	-10	-11	-12	-13	-14	
3	[-27,12] 0	-1	
3	[-27,13] -1	-2	
3	[-27,14] -2	-3	
3	[-27,15] -3	-4	
3	[-27,16] -4	-5	
3	[-27,17] -5	-6	
3	[-27,18] -6	-7	
3	[-27,19] -7	-8	
3	[-27,20] -8	-9	
3	[-27,21] -3	-4	-5	
3	[-27,22] -3	-4	-5	-6	
3	[-27,23] -3	-4	-5	-6	-7	
3	[-27,24] -3	-4	-5	-6	-7	-8	
3	[-27,25] -3	-4	-5	-6	-7	-8	-9	
3	[-27,26] -3	-4	-5	-6	-7	-8	-9	-10	
3	[-27,27] -4	-5	-6	-7	-8	-9	-10	-11	
3	[-27,28] -5	-6	-7	-8	-9	-10	-11	-12	
3	[-27,29] -6	-7	-8	-9	-10	-11	-12	-13	
3	[-27,30] -7	-8	-9	-10	-11	-12	-13	-14	
3	[-26,12] 0	-1	
3	[-26,13] -1	-2	
3	[-26,14] -2	-3	
3	[-26,15] -3	-4	
3	[-26,16] -4	-5	
3	[-26,17] -5	-6	
3	[-26,18] -6	-7	
3	[-26,19] -7	-8	
3	[-26,20] -2	-3	-4	
3	[-26,21] -2	-3	-4	-5	
3	[-26,22] -2	-3	-4	-5	-6	
3	[-26,23] -2	-3	-4	-5	-6	-7	
3	[-26,24] -2	-3	-4	-5	-6	-7	-8	
3	[-26,25] -2	-3	-4	-5	-6	-7	-8	-9	
3	[-26,26] -3	-4	-5	-6	-7	-8	-9	-10	
3	[-26,27] -4	-5	-6	-7	-8	-9	-10	-11	
3	[-26,28] -5	-6	-7	-8	-9	-10	-11	-12	
3	[-26,29] -6	-7	-8	-9	-10	-11	-12	-13	
3	[-26,30] -7	-8	-9	-10	-11	-12	-13	-14	
3	[-25,2] -1	-2	
3	[-25,12] 0	-1	
3	[-25,13] -1	-2	
3	[-25,14] -2	-3	
3	[-25,15] -3	-4	
3	[-25,16] -4	-5	
3	[-25,17] -5	-6	
3	[-25,18] -6	-7	
3	[-25,19] -1	-2	-3	
3	[-25,20] -1	-2	-3	-4	
3	[-25,21] -1	-2	-3	-4	-5	
3	[-25,22] -1	-2	-3	-4	-5	-6	
3	[-25,23] -1	-2	-3	-4	-5	-6	-7	
3	[-25,24] -1	-2	-3	-4	-5	-6	-7	-8	
3	[-25,25] -2	-3	-4	-5	-6	-7	-8	-9	
3	[-25,26] -3	-4	-5	-6	-7	-8	-9	-10	
3	[-25,27] -4	-5	-6	-7	-8	-9	-10	-11	
3	[-25,28] -5	-6	-7	-8	-9	-10	-11	-12	
3	[-25,29] -6	-7	-8	-9	-10	-11	-12	-13	
3	[-25,30] -7	-8	-9	-10	-11	-12	-13	-14	
3	[-24,1] 0	-1	
3	[-24,2] 0	-1	-2	
3	[-24,12] 0	-1	
3	[-24,13] -1	-2	
3	[-24,14] -2	-3	
3	[-24,15] -3	-4	
3	[-24,16] -4	-5	
3	[-24,17] -5	-6	
3	[-24,18] 0	-1	-2	
3	[-24,19] 0	-1	-2	-3	
3	[-24,20] 0	-1	-2	-3	-4	
3	[-24,21] 0	-1	-2	-3	-4	-5	
3	[-24,22] 0	-1	-2	-3	-4	-5	-6	
3	[-24,23] 0	-1	-2	-3	-4	-5	-6	-7	
3	[-24,24] -1	-2	-3	-4	-5	-6	-7	-8	
3	[-24,25] -2	-3	-4	-5	-6	-7	-8	-9	
3	[-24,26] -3	-4	-5	-6	-7	-8	-9	-10	
3	[-24,27] -4	-5	-6	-7	-8	-9	-10	-11	
3	[-24,28] -5	-6	-7	-8	-9	-10	-11	-12	
3	[-24,29] -6	-7	-8	-9	-10	-11	-12	-13	
3	[-24,30] -7	-8	-9	-10	-11	-12	-13	-14	
3	[-23,1] 0	-1	
3	[-23,2] 0	-1	-2	
3	[-23,12] 0	-1	
3	[-23,13] -1	-2	
3	[-23,14] -2	-3	
3	[-23,15] -3	-4	
3	[-23,16] -4	-5	
3	[-23,17] 0	-1	
3	[-23,18] 0	-1	-2	
3	[-23,19] 0	-1	-2	-3	
3	[-23,20] 0	-1	-2	-3	-4	
3	[-23,21] 0	-1	-2	-3	-4	-5	
3	[-23,22] 0	-1	-2	-3	-4	-5	-6	
3	[-23,23] 0	-1	-2	-3	-4	-5	-6	-7	
3	[-23,24] -1	-2	-3	-4	-5	-6	-7	-8	
3	[-23,25] -2	-3	-4	-5	-6	-7	-8	-9	
3	[-23,26] -3	-4	-5	-6	-7	-8	-9	-10	
3	[-23,27] -4	-5	-6	-7	-8	-9	-10	-11	
3	[-23,28] -5	-6	-7	-8	-9	-10	-11	-12	
3	[-23,29] -6	-7	-8	-9	-10	-11	-12	-13	
3	[-23,30] -7	-8	-9	-10	-11	-12	-13	-14	
3	[-22,1] 0	-1	
3	[-22,2] 0	-1	-2	
3	[-22,12] 0	-1	
3	[-22,13] -1	-2	
3	[-22,14] -2	-3	
3	[-22,15] -3	-4	
3	[-22,17] 0	-1	
3	[-22,18] 0	-1	-2	
3	[-22,19] 0	-1	-2	-3	
3	[-22,20] 0	-1	-2	-3	-4	
3	[-22,21] 0	-1	-2	-3	-4	-5	
3	[-22,22] 0	-1	-2	-3	-4	-5	-6	
3	[-22,23] 0	-1	-2	-3	-4	-5	-6	-7	
3	[-22,24] -1	-2	-3	-4	-5	-6	-7	-8	
3	[-22,25] -2	-3	-4	-5	-6	-7	-8	-9	
3	[-22,26] -3	-4	-5	-6	-7	-8	-9	-10	
3	[-22,27] -4	-5	-6	-7	-8	-9	-10	-11	
3	[-22,28] -5	-6	-7	-8	-9	-10	-11	-12	
3	[-22,29] -6	-7	-8	-9	-10	-11	-12	-13	
3	[-22,30] -7	-8	-9	-10	-11	-12	-13	-14	
3	[-21,1] 0	-1	
3	[-21,2] 0	-1	-2	
3	[-21,12] 0	-1	
3	[-21,13] -1	-2	
3	[-21,14] -2	-3	
3	[-21,17] 0	-1	
3	[-21,18] 0	-1	-2	
3	[-21,19] 0	-1	-2	-3	
3	[-21,20] 0	-1	-2	-3	-4	
3	[-21,21] 0	-1	-2	-3	-4	-5	
3	[-21,22] 0	-1	-2	-3	-4	-5	-6	
3	[-21,23] 0	-1	-2	-3	-4	-5	-6	-7	
3	[-21,24] -1	-2	-3	-4	-5	-6	-7	-8	
3	[-21,25] -2	-3	-4	-5	-6	-7	-8	-9	
3	[-21,26] -3	-4	-5	-6	-7	-8	-9	-10	
3	[-21,27] -4	-5	-6	-7	-8	-9	-10	-11	
3	[-21,28] -5	-6	-7	-8	-9	-10	-11	-12	
3	[-21,29] -6	-7	-8	-9	-10	-11	-12	-13	
3	[-21,30] -7	-8	-9	-10	-11	-12	-13	-14	
3	[-20,1] 0	-1	
3	[-20,2] 0	-1	-2	
3	[-20,12] 0	-1	
3	[-20,13] -1	-2	
3	[-20,17] 0	-1	
3	[-20,18] 0	-1	-2	
3	[-20,19] 0	-1	-2	-3	
3	[-20,20] 0	-1	-2	-3	-4	
3	[-20,21] 0	-1	-2	-3	-4	-5	
3	[-20,22] 0	-1	-2	-3	-4	-5	-6	
3	[-20,23] 0	-1	-2	-3	-4	-5	-6	-7	
3	[-20,24] -1	-2	-3	-4	-5	-6	-7	-8	
3	[-20,25] -2	-3	-4	-5	-6	-7	-8	-9	
3	[-20,26] -3	-4	-5	-6	-7	-8	-9	-10	
3	[-20,27] -4	-5	-6	-7	-8	-9	-10	-11	
3	[-20,28] -5	-6	-7	-8	-9	-10	-11	-12	
3	[-20,29] -6	-7	-8	-9	-10	-11	-12	-13	
3	[-20,30] -7	-8	-9	-10	-11	-12	-13	-14	
3	[-19,1] 0	-1	
3	[-19,2] 0	-1	-2	
3	[-19,12] 0	-1	
3	[-19,17] 0	-1	
3	[-19,18] 0	-1	-2	
3	[-19,19] 0	-1	-2	-3	
3	[-19,20] 0	-1	-2	-3	-4	
3	[-19,21] 0	-1	-2	-3	-4	-5	
3	[-19,22] 0	-1	-2	-3	-4	-5	-6	
3	[-19,23] 0	-1	-2	-3	-4	-5	-6	-7	
3	[-19,24] -1	-2	-3	-4	-5	-6	-7	-8	
3	[-19,25] -2	-3	-4	-5	-6	-7	-8	-9	
3	[-19,26] -3	-4	-5	-6	-7	-8	-9	-10	
3	[-19,27] -4	-5	-6	-7	-8	-9	-10	-11	
3	[-19,28] -5	-6	-7	-8	-9	-10	-11	-12	
3	[-19,29] -6	-7	-8	-9	-10	-11	-12	-13	
3	[-19,30] -7	-8	-9	-10	-11	-12	-13	-14	
3	[-18,1] 0	-1	
3	[-18,2] 0	-1	-2	
3	[-18,17] 0	-1	
3	[-18,18] 0	-1	-2	
3	[-18,19] 0	-1	-2	-3	
3	[-18,20] 0	-1	-2	-3	-4	
3	[-18,21] 0	-1	-2	-3	-4	-5	
3	[-18,22] 0	-1	-2	-3	-4	-5	-6	
3	[-18,23] 0	-1	-2	-3	-4	-5	-6	-7	
3	[-18,24] -1	-2	-3	-4	-5	-6	-7	-8	
3	[-18,25] -2	-3	-4	-5	-6	-7	-8	-9	
3	[-18,26] -3	-4	-5	-6	-7	-8	-9	-10	
3	[-18,27] -4	-5	-6	-7	-8	-9	-10	-11	
3	[-18,28] -5	-6	-7	-8	-9	-10	-11	-12	
3	[-18,29] -6	-7	-8	-9	-10	-11	-12	-13	
3	[-18,30] -7	-8	-9	-10	-11	-12	-13	-14	
3	[-17,1] 0	-1	
3	[-17,2] 0	-1	-2	
3	[-17,17] 0	-1	
3	[-17,18] 0	-1	-2	
3	[-17,19] 0	-1	-2	-3	
3	[-17,20] 0	-1	-2	-3	-4	
3	[-17,21] 0	-1	-2	-3	-4	-5	
3	[-17,22] 0	-1	-2	-3	-4	-5	-6	
3	[-17,23] 0	-1	-2	-3	-4	-5	-6	-7	
3	[-17,24] -1	-2	-3	-4	-5	-6	-7	-8	
3	[-17,25] -2	-3	-4	-5	-6	-7	-8	-9	
3	[-17,26] -3	-4	-5	-6	-7	-8	-9	-10	
3	[-17,27] -4	-5	-6	-7	-8	-9	-10	-11	
3	[-17,28] -5	-6	-7	-8	-9	-10	-11	-12	
3	[-17,29] -6	-7	-8	-9	-10	-11	-12	-13	
3	[-17,30] -7	-8	-9	-10	-11	-12	-13	-14	
3	[-16,1] 0	-1	
3	[-16,2] 0	-1	-2	
3	[-16,17] 0	-1	
3	[-16,18] 0	-1	-2	
3	[-16,19] 0	-1	-2	-3	
3	[-16,20] 0	-1	-2	-3	-4	
3	[-16,21] 0	-1	-2	-3	-4	-5	
3	[-16,22] 0	-1	-2	-3	-4	-5	-6	
3	[-16,23] 0	-1	-2	-3	-4	-5	-6	-7	
3	[-16,24] -1	-2	-3	-4	-5	-6	-7	-8	
3	[-16,25] -2	-3	-4	-5	-6	-7	-8	-9	
3	[-16,26] -3	-4	-5	-6	-7	-8	-9	-10	
3	[-16,27] -4	-5	-6	-7	-8	-9	-10	-11	
3	[-16,28] -5	-6	-7	-8	-9	-10	-11	-12	
3	[-16,29] -6	-7	-8	-9	-10	-11	-12	-13	
3	[-16,30] -7	-8	-9	-10	-11	-12	-13	-14	
3	[-15,1] 0	-1	
3	[-15,2] 0	-1	-2	
3	[-15,17] 0	-1	
3	[-15,18] 0	-1	-2	
3	[-15,19] 0	-1	-2	-3	
3	[-15,20] 0	-1	-2	-3	-4	
3	[-15,21] 0	-1	-2	-3	-4	-5	
3	[-15,22] 0	-1	-2	-3	-4	-5	-6	
3	[-15,23] 0	-1	-2	-3	-4	-5	-6	-7	
3	[-15,24] -1	-2	-3	-4	-5	-6	-7	-8	
3	[-15,25] -2	-3	-4	-5	-6	-7	-8	-9	
3	[-15,26] -3	-4	-5	-6	-7	-8	-9	-10	
3	[-15,27] -4	-5	-6	-7	-8	-9	-10	-11	
3	[-15,28] -5	-6	-7	-8	-9	-10	-11	-12	
3	[-15,29] -6	-7	-8	-9	-10	-11	-12	-13	
3	[-14,1] 0	-1	
3	[-14,2] 0	-1	-2	
3	[-14,17] 0	-1	
3	[-14,18] 0	-1	-2	
3	[-14,19] 0	-1	-2	-3	
3	[-14,20] 0	-1	-2	-3	-4	
3	[-14,21] 0	-1	-2	-3	-4	-5	
3	[-14,22] 0	-1	-2	-3	-4	-5	-6	
3	[-14,23] 0	-1	-2	-3	-4	-5	-6	-7	
3	[-14,24] -1	-2	-3	-4	-5	-6	-7	-8	
3	[-14,25] -2	-3	-4	-5	-6	-7	-8	-9	
3	[-14,26] -3	-4	-5	-6	-7	-8	-9	-10	
3	[-14,27] -4	-5	-6	-7	-8	-9	-10	-11	
3	[-13,1] 0	-1	
3	[-13,2] 0	-1	-2	
3	[-13,17] 0	-1	
3	[-13,18] 0	-1	-2	
3	[-13,19] 0	-1	-2	-3	
3	[-13,20] 0	-1	-2	-3	-4	
3	[-13,21] 0	-1	-2	-3	-4	-5	
3	[-13,22] 0	-1	-2	-3	-4	-5	-6	
3	[-13,23] 0	-1	-2	-3	-4	-5	-6	-7	
3	[-13,24] -1	-2	-3	-4	-5	-6	-7	-8	
3	[-13,25] -2	-3	-4	-5	-6	-7	-8	-9	
3	[-13,26] -3	-4	-5	-6	-7	-8	-9	-10	
3	[-12,1] 0	-1	
3	[-12,2] 0	-1	-2	
3	[-12,17] 0	-1	
3	[-12,18] 0	-1	-2	
3	[-12,19] 0	-1	-2	-3	
3	[-12,20] 0	-1	-2	-3	-4	
3	[-12,21] 0	-1	-2	-3	-4	-5	
3	[-12,22] 0	-1	-2	-3	-4	-5	-6	
3	[-12,23] 0	-1	-2	-3	-4	-5	-6	-7	
3	[-12,24] -1	-2	-3	-4	-5	-6	-7	-8	
3	[-12,25] -2	-3	-4	-5	-6	-7	-8	-9	
3	[-11,1] 0	-1	
3	[-11,2] 0	-1	-2	
3	[-11,17] 0	-1	
3	[-11,18] 0	-1	-2	
3	[-11,19] 0	-1	-2	-3	
3	[-11,20] 0	-1	-2	-3	-4	
3	[-11,21] 0	-1	-2	-3	-4	-5	
3	[-11,22] 0	-1	-2	-3	-4	-5	-6	
3	[-11,23] 0	-1	-2	-3	-4	-5	-6	-7	
3	[-11,24] -1	-2	-3	-4	-5	-6	-7	-8	
3	[-10,1] 0	-1	
3	[-10,2] 0	-1	-2	
3	[-10,17] 0	-1	
3	[-10,18] 0	-1	-2	
3	[-10,19] 0	-1	-2	-3	
3	[-10,20] 0	-1	-2	-3	-4	
3	[-10,21] 0	-1	-2	-3	-4	-5	
3	[-10,22] 0	-1	-2	-3	-4	-5	-6	
3	[-10,23] 0	-1	-2	-3	-4	-5	-6	-7	
3	[-9,1] 0	-1	
3	[-9,2] 0	-1	-2	
3	[-9,17] 0	-1	
3	[-9,18] 0	-1	-2	
3	[-9,19] 0	-1	-2	-3	
3	[-9,20] 0	-1	-2	-3	-4	
3	[-9,21] 0	-1	-2	-3	-4	-5	
3	[-9,22] 0	-1	-2	-3	-4	-5	-6	
3	[-9,28] -18	-19	
3	[-9,30] -19	-20	
3	[-8,1] 0	-1	
3	[-8,2] 0	-1	-2	
3	[-8,17] 0	-1	
3	[-8,18] 0	-1	-2	
3	[-8,19] 0	-1	-2	-3	
3	[-8,20] 0	-1	-2	-3	-4	
3	[-8,21] 0	-1	-2	-3	-4	-5	
3	[-8,27] -17	-18	
3	[-8,29] -18	-19	
3	[-7,1] 0	-1	
3	[-7,2] 0	-1	-2	
3	[-7,17] 0	-1	
3	[-7,18] 0	-1	-2	
3	[-7,19] 0	-1	-2	-3	
3	[-7,20] 0	-1	-2	-3	-4	
3	[-7,26] -16	-17	
3	[-7,28] -17	-18	
3	[-7,30] -18	-19	
3	[-6,1] 0	-1	
3	[-6,2] 0	-1	-2	
3	[-6,17] 0	-1	
3	[-6,18] 0	-1	-2	
3	[-6,19] 0	-1	-2	-3	
3	[-6,25] -15	-16	
3	[-6,27] -16	-17	
3	[-6,29] -17	-18	
3	[-5,1] 0	-1	
3	[-5,2] 0	-1	-2	
3	[-5,17] 0	-1	
3	[-5,18] 0	-1	-2	
3	[-5,24] -14	-15	
3	[-5,26] -15	-16	
3	[-5,28] -16	-17	
3	[-5,30] -17	-18	
3	[-4,1] 0	-1	
3	[-4,2] 0	-1	-2	
3	[-4,17] 0	-1	
3	[-4,23] -13	-14	
3	[-4,25] -14	-15	
3	[-4,27] -15	-16	
3	[-4,29] -16	-17	
3	[-3,1] 0	-1	
3	[-3,2] 0	-1	-2	
3	[-3,22] -12	-13	
3	[-3,24] -13	-14	
3	[-3,26] -14	-15	
3	[-3,28] -15	-16	
3	[-3,30] -16	-17	
3	[-2,1] 0	-1	
3	[-2,2] 0	-1	-2	
3	[-2,21] -11	-12	
3	[-2,23] -12	-13	
3	[-2,25] -13	-14	
3	[-2,27] -14	-15	
3	[-2,29] -15	-16	
3	[-1,1] 0	-1	
3	[-1,2] 0	-1	-2	
3	[-1,20] -10	-11	
3	[-1,22] -11	-12	
3	[-1,24] -12	-13	
3	[-1,26] -13	-14	
3	[-1,28] -14	-15	
3	[-1,30] -15	-16	
3	[0,1] 0	-1	
3	[0,2] 0	-1	-2	
3	[0,19] -9	-10	
3	[0,21] -10	-11	
3	[0,23] -11	-12	
3	[0,25] -12	-13	
3	[0,27] -13	-14	
3	[0,29] -14	-15	
3	[1,-24] 0	1	
3	[1,-23] 0	1	
3	[1,-22] 0	1	
3	[1,-21] 0	1	
3	[1,-20] 0	1	
3	[1,-19] 0	1	
3	[1,-18] 0	1	
3	[1,-17] 0	1	
3	[1,-16] 0	1	
3	[1,-15] 0	1	
3	[1,-14] 0	1	
3	[1,-13] 0	1	
3	[1,-12] 0	1	
3	[1,-11] 0	1	
3	[1,-10] 0	1	
3	[1,-9] 0	1	
3	[1,-8] 0	1	
3	[1,-7] 0	1	
3	[1,-6] 0	1	
3	[1,-5] 0	1	
3	[1,-4] 0	1	
3	[1,-3] 0	1	
3	[1,-2] 0	1	
3	[1,-1] 0	1	
3	[1,0] 0	1	
3	[1,1] -1	0	1	
3	[1,2] -2	1	
3	[1,18] -9	-8	
3	[1,20] -10	-9	
3	[1,22] -11	-10	
3	[1,24] -12	-11	
3	[1,26] -13	-12	
3	[1,28] -14	-13	
3	[1,30] -15	-14	
3	[2,-25] 1	2	
3	[2,-24] 0	1	2	
3	[2,-23] 0	1	2	
3	[2,-22] 0	1	2	
3	[2,-21] 0	1	2	
3	[2,-20] 0	1	2	
3	[2,-19] 0	1	2	
3	[2,-18] 0	1	2	
3	[2,-17] 0	1	2	
3	[2,-16] 0	1	2	
3	[2,-15] 0	1	2	
3	[2,-14] 0	1	2	
3	[2,-13] 0	1	2	
3	[2,-12] 0	1	2	
3	[2,-11] 0	1	2	
3	[2,-10] 0	1	2	
3	[2,-9] 0	1	2	
3	[2,-8] 0	1	2	
3	[2,-7] 0	1	2	
3	[2,-6] 0	1	2	
3	[2,-5] 0	1	2	
3	[2,-4] 0	1	2	
3	[2,-3] 0	1	2	
3	[2,-2] 0	1	2	
3	[2,-1] 0	1	2	
3	[2,0] 0	1	2	
3	[2,1] -1	2	
3	[2,2] -2	2	
3	[2,17] -8	-7	
3	[2,19] -9	-8	
3	[2,21] -10	-9	
3	[2,23] -11	-10	
3	[2,25] -12	-11	
3	[2,27] -13	-12	
3	[2,29] -14	-13	
3	[3,14] -6	-5	
3	[3,16] -7	-6	
3	[3,18] -8	-7	
3	[3,20] -9	-8	
3	[3,22] -10	-9	
3	[3,24] -11	-10	
3	[3,26] -12	-11	
3	[3,28] -13	-12	
3	[3,30] -14	-13	
3	[4,11] -4	-3	
3	[4,13] -5	-4	
3	[4,15] -6	-5	
3	[4,17] -7	-6	
3	[4,19] -8	-7	
3	[4,21] -9	-8	
3	[4,23] -10	-9	
3	[4,25] -11	-10	
3	[4,27] -12	-11	
3	[4,29] -13	-12	
3	[4,30] -14	-13	-12	
3	[5,5] -5	5	
3	[5,6] -6	5	
3	[5,8] -2	-1	
3	[5,10] -3	-2	
3	[5,12] -4	-3	
3	[5,14] -5	-4	
3	[5,16] -6	-5	
3	[5,18] -7	-6	
3	[5,20] -8	-7	
3	[5,22] -9	-8	
3	[5,24] -10	-9	
3	[5,26] -11	-10	
3	[5,28] -12	-11	
3	[5,29] -13	-12	-11	
3	[5,30] -14	-13	-12	-11	
3	[6,5] -5	6	
3	[6,7] -1	0	
3	[6,9] -2	-1	
3	[6,11] -3	-2	
3	[6,13] -4	-3	
3	[6,15] -5	-4	
3	[6,17] -6	-5	
3	[6,19] -7	-6	
3	[6,21] -8	-7	
3	[6,23] -9	-8	
3	[6,25] -10	-9	
3	[6,27] -11	-10	
3	[6,28] -12	-11	-10	
3	[6,29] -13	-12	-11	-10	
3	[6,30] -14	-13	-12	-11	-10	
3	[7,6] 0	1	
3	[7,8] -1	0	
3	[7,10] -2	-1	
3	[7,12] -3	-2	
3	[7,14] -4	-3	
3	[7,16] -5	-4	
3	[7,18] -6	-5	
3	[7,20] -7	-6	
3	[7,22] -8	-7	
3	[7,24] -9	-8	
3	[7,26] -10	-9	
3	[7,27] -11	-10	-9	
3	[7,28] -12	-11	-10	-9	
3	[7,29] -13	-12	-11	-10	-9	
3	[7,30] -14	-13	-12	-11	-10	-9	
3	[8,5] 1	2	
3	[8,7] 0	1	
3	[8,9] -1	0	
3	[8,11] -2	-1	
3	[8,13] -3	-2	
3	[8,15] -4	-3	
3	[8,17] -5	-4	
3	[8,19] -6	-5	
3	[8,21] -7	-6	
3	[8,23] -8	-7	
3	[8,25] -9	-8	
3	[8,26] -10	-9	-8	
3	[8,27] -11	-10	-9	-8	
3	[8,28] -12	-11	-10	-9	-8	
3	[8,29] -13	-12	-11	-10	-9	-8	
3	[8,30] -14	-13	-12	-11	-10	-9	-8	
3	[9,6] 1	2	
3	[9,8] 0	1	
3	[9,10] -1	0	
3	[9,12] -2	-1	
3	[9,14] -3	-2	
3	[9,16] -4	-3	
3	[9,18] -5	-4	
3	[9,20] -6	-5	
3	[9,22] -7	-6	
3	[9,24] -8	-7	
3	[9,25] -9	-8	-7	
3	[9,26] -10	-9	-8	-7	
3	[9,27] -11	-10	-9	-8	-7	
3	[9,28] -12	-11	-10	-9	-8	-7	
3	[9,29] -13	-12	-11	-10	-9	-8	-7	
3	[9,30] -14	-13	-12	-11	-10	-9	-8	-7	
3	[10,5] 2	3	
3	[10,7] 1	2	
3	[10,9] 0	1	
3	[10,11] -1	0	
3	[10,13] -2	-1	
3	[10,15] -3	-2	
3	[10,17] -4	-3	
3	[10,19] -5	-4	
3	[10,21] -6	-5	
3	[10,23] -7	-6	
3	[10,24] -8	-7	-6	
3	[10,25] -9	-8	-7	-6	
3	[10,26] -10	-9	-8	-7	-6	
3	[10,27] -11	-10	-9	-8	-7	-6	
3	[10,28] -12	-11	-10	-9	-8	-7	-6	
3	[10,29] -13	-12	-11	-10	-9	-8	-7	-6	
3	[10,30] -14	-13	-12	-11	-10	-9	-8	-7	-6	
3	[11,-30] 0	1	
3	[11,4] 3	4	
3	[11,6] 2	3	
3	[11,8] 1	2	
3	[11,10] 0	1	
3	[11,12] -1	0	
3	[11,14] -2	-1	
3	[11,16] -3	-2	
3	[11,18] -4	-3	
3	[11,20] -5	-4	
3	[11,22] -6	-5	
3	[11,23] -7	-6	-5	
3	[11,24] -8	-7	-6	-5	
3	[11,25] -9	-8	-7	-6	-5	
3	[11,26] -10	-9	-8	-7	-6	-5	
3	[11,27] -11	-10	-9	-8	-7	-6	-5	
3	[11,28] -12	-11	-10	-9	-8	-7	-6	-5	
3	[11,29] -13	-12	-11	-10	-9	-8	-7	-6	-5	
3	[11,30] -14	-13	-12	-11	-10	-9	-8	-7	-6	-5	
3	[12,-29] 0	1	
3	[12,-28] 0	1	
3	[12,-27] 0	1	
3	[12,-26] 0	1	
3	[12,-25] 0	1	
3	[12,-24] 0	1	
3	[12,-23] 0	1	
3	[12,-22] 0	1	
3	[12,-21] 0	1	
3	[12,-20] 0	1	
3	[12,-19] 0	1	
3	[12,5] 3	4	
3	[12,7] 2	3	
3	[12,9] 1	2	
3	[12,11] 0	1	
3	[12,13] -1	0	
3	[12,15] -2	-1	
3	[12,17] -3	-2	
3	[12,19] -4	-3	
3	[12,21] -5	-4	
3	[12,22] -6	-5	-4	
3	[12,23] -7	-6	-5	-4	
3	[12,24] -8	-7	-6	-5	-4	
3	[12,25] -9	-8	-7	-6	-5	-4	
3	[12,26] -10	-9	-8	-7	-6	-5	-4	
3	[12,27] -11	-10	-9	-8	-7	-6	-5	-4	
3	[12,28] -12	-11	-10	-9	-8	-7	-6	-5	-4	
3	[12,29] -13	-12	-11	-10	-9	-8	-7	-6	-5	-4	
3	[12,30] -14	-13	-12	-11	-10	-9	-8	-7	-6	-5	-4	
3	[13,-30] 1	2	
3	[13,-29] 1	2	
3	[13,-28] 1	2	
3	[13,-27] 1	2	
3	[13,-26] 1	2	
3	[13,-25] 1	2	
3	[13,-24] 1	2	
3	[13,-23] 1	2	
3	[13,-22] 1	2	
3	[13,-21] 1	2	
3	[13,-20] 1	2	
3	[13,4] 4	5	
3	[13,6] 3	4	
3	[13,8] 2	3	
3	[13,10] 1	2	
3	[13,12] 0	1	
3	[13,14] -1	0	
3	[13,16] -2	-1	
3	[13,18] -3	-2	
3	[13,20] -4	-3	
3	[13,21] -5	-4	-3	
3	[13,22] -6	-5	-4	-3	
3	[13,23] -7	-6	-5	-4	-3	
3	[13,24] -8	-7	-6	-5	-4	-3	
3	[13,25] -9	-8	-7	-6	-5	-4	-3	
3	[13,26] -10	-9	-8	-7	-6	-5	-4	-3	
3	[13,27] -11	-10	-9	-8	-7	-6	-5	-4	-3	
3	[13,28] -12	-11	-10	-9	-8	-7	-6	-5	-4	-3	
3	[13,29] -13	-12	-11	-10	-9	-8	-7	-6	-5	-4	-3	
3	[13,30] -14	-13	-12	-11	-10	-9	-8	-7	-6	-5	-4	-3	
3	[14,-30] 2	3	
3	[14,-29] 2	3	
3	[14,-28] 2	3	
3	[14,-27] 2	3	
3	[14,-26] 2	3	
3	[14,-25] 2	3	
3	[14,-24] 2	3	
3	[14,-23] 2	3	
3	[14,-22] 2	3	
3	[14,-21] 2	3	
3	[14,3] 5	6	
3	[14,5] 4	5	
3	[14,7] 3	4	
3	[14,9] 2	3	
3	[14,11] 1	2	
3	[14,13] 0	1	
3	[14,15] -1	0	
3	[14,17] -2	-1	
3	[14,19] -3	-2	
3	[14,20] -4	-3	-2	
3	[14,21] -5	-4	-3	-2	
3	[14,22] -6	-5	-4	-3	-2	
3	[14,23] -7	-6	-5	-4	-3	-2	
3	[14,24] -8	-7	-6	-5	-4	-3	-2	
3	[14,25] -9	-8	-7	-6	-5	-4	-3	-2	
3	[14,26] -10	-9	-8	-7	-6	-5	-4	-3	-2	
3	[14,27] -11	-10	-9	-8	-7	-6	-5	-4	-3	-2	
3	[14,28] -12	-11	-10	-9	-8	-7	-6	-5	-4	-3	-2	
3	[14,29] -13	-12	-11	-10	-9	-8	-7	-6	-5	-4	-3	-2	
3	[14,30] -14	-13	-12	-11	-10	-9	-8	-7	-6	-5	-4	-3	-2	
3	[15,-30] 3	4	
3	[15,-29] 3	4	
3	[15,-28] 3	4	
3	[15,-27] 3	4	
3	[15,-26] 3	4	
3	[15,-25] 3	4	
3	[15,-24] 3	4	
3	[15,-23] 3	4	
3	[15,-22] 3	4	
3	[15,4] 5	6	
3	[15,6] 4	5	
3	[15,8] 3	4	
3	[15,10] 2	3	
3	[15,12] 1	2	
3	[15,14] 0	1	
3	[15,16] -1	0	
3	[15,18] -2	-1	
3	[15,19] -3	-2	-1	
3	[15,20] -4	-3	-2	-1	
3	[15,21] -5	-4	-3	-2	-1	
3	[15,22] -6	-5	-4	-3	-2	-1	
3	[15,23] -7	-6	-5	-4	-3	-2	-1	
3	[15,24] -8	-7	-6	-5	-4	-3	-2	-1	
3	[15,25] -9	-8	-7	-6	-5	-4	-3	-2	-1	
3	[15,26] -10	-9	-8	-7	-6	-5	-4	-3	-2	-1	
3	[15,27] -11	-10	-9	-8	-7	-6	-5	-4	-3	-2	-1	
3	[15,28] -12	-11	-10	-9	-8	-7	-6	-5	-4	-3	-2	-1	
3	[15,29] -13	-12	-11	-10	-9	-8	-7	-6	-5	-4	-3	-2	-1	
3	[15,30] -14	-13	-12	-11	-10	-9	-8	-7	-6	-5	-4	-3	-2	-1	
3	[16,-30] 4	5	
3	[16,-29] 4	5	
3	[16,-28] 4	5	
3	[16,-27] 4	5	
3	[16,-26] 4	5	
3	[16,-25] 4	5	
3	[16,-24] 4	5	
3	[16,-23] 4	5	
3	[16,3] 6	7	
3	[16,5] 5	6	
3	[16,7] 4	5	
3	[16,9] 3	4	
3	[16,11] 2	3	
3	[16,13] 1	2	
3	[16,15] 0	1	
3	[16,17] -1	0	
3	[16,18] -2	-1	0	
3	[16,19] -3	-2	-1	0	
3	[16,20] -4	-3	-2	-1	0	
3	[16,21] -5	-4	-3	-2	-1	0	
3	[16,22] -6	-5	-4	-3	-2	-1	0	
3	[16,23] -7	-6	-5	-4	-3	-2	-1	0	
3	[16,24] -8	-7	-6	-5	-4	-3	-2	-1	0	
3	[16,25] -9	-8	-7	-6	-5	-4	-3	-2	-1	0	
3	[16,26] -10	-9	-8	-7	-6	-5	-4	-3	-2	-1	0	
3	[16,27] -11	-10	-9	-8	-7	-6	-5	-4	-3	-2	-1	0	
3	[16,28] -12	-11	-10	-9	-8	-7	-6	-5	-4	-3	-2	-1	0	
3	[16,29] -13	-12	-11	-10	-9	-8	-7	-6	-5	-4	-3	-2	-1	0	
3	[16,30] -14	-13	-12	-11	-10	-9	-8	-7	-6	-5	-4	-3	-2	-1	0	
3	[17,-30] 5	6	
3	[17,-29] 5	6	
3	[17,-28] 5	6	
3	[17,-27] 5	6	
3	[17,-26] 5	6	
3	[17,-25] 5	6	
3	[17,-24] 5	6	
3	[17,-23] 0	1	
3	[17,-22] 0	1	
3	[17,-21] 0	1	
3	[17,-20] 0	1	
3	[17,-19] 0	1	
3	[17,-18] 0	1	
3	[17,-17] 0	1	
3	[17,-16] 0	1	
3	[17,-15] 0	1	
3	[17,-14] 0	1	
3	[17,-13] 0	1	
3	[17,-12] 0	1	
3	[17,-11] 0	1	
3	[17,-10] 0	1	
3	[17,-9] 0	1	
3	[17,-8] 0	1	
3	[17,-7] 0	1	
3	[17,-6] 0	1	
3	[17,-5] 0	1	
3	[17,-4] 0	1	
3	[17,2] 7	8	
3	[17,4] 6	7	
3	[17,6] 5	6	
3	[17,8] 4	5	
3	[17,10] 3	4	
3	[17,12] 2	3	
3	[17,14] 1	2	
3	[17,16] 0	1	
3	[17,17] -1	0	1	
3	[17,18] -2	-1	0	1	
3	[17,19] -3	-2	-1	0	1	
3	[17,20] -4	-3	-2	-1	0	1	
3	[17,21] -5	-4	-3	-2	-1	0	1	
3	[17,22] -6	-5	-4	-3	-2	-1	0	1	
3	[17,23] -7	-6	-5	-4	-3	-2	-1	0	1	
3	[17,24] -8	-7	-6	-5	-4	-3	-2	-1	0	1	
3	[17,25] -9	-8	-7	-6	-5	-4	-3	-2	-1	0	1	
3	[17,26] -10	-9	-8	-7	-6	-5	-4	-3	-2	-1	0	1	
3	[17,27] -11	-10	-9	-8	-7	-6	-5	-4	-3	-2	-1	0	1	
3	[17,28] -12	-11	-10	-9	-8	-7	-6	-5	-4	-3	-2	-1	0	1	
3	[17,29] -13	-12	-11	-10	-9	-8	-7	-6	-5	-4	-3	-2	-1	0	1	
3	[17,30] -13	-12	-11	-10	-9	-8	-7	-6	-5	-4	-3	-2	-1	0	
3	[18,-30] 6	7	
3	[18,-29] 6	7	
3	[18,-28] 6	7	
3	[18,-27] 6	7	
3	[18,-26] 6	7	
3	[18,-25] 6	7	
3	[18,-24] 0	1	2	
3	[18,-23] 0	1	2	
3	[18,-22] 0	1	2	
3	[18,-21] 0	1	2	
3	[18,-20] 0	1	2	
3	[18,-19] 0	1	2	
3	[18,-18] 0	1	2	
3	[18,-17] 0	1	2	
3	[18,-16] 0	1	2	
3	[18,-15] 0	1	2	
3	[18,-14] 0	1	2	
3	[18,-13] 0	1	2	
3	[18,-12] 0	1	2	
3	[18,-11] 0	1	2	
3	[18,-10] 0	1	2	
3	[18,-9] 0	1	2	
3	[18,-8] 0	1	2	
3	[18,-7] 0	1	2	
3	[18,-6] 0	1	2	
3	[18,-5] 0	1	2	
3	[18,1] 8	9	
3	[18,3] 7	8	
3	[18,5] 6	7	
3	[18,7] 5	6	
3	[18,9] 4	5	
3	[18,11] 3	4	
3	[18,13] 2	3	
3	[18,15] 1	2	
3	[18,16] 0	1	2	
3	[18,17] -1	0	1	2	
3	[18,18] -2	-1	0	1	2	
3	[18,19] -3	-2	-1	0	1	2	
3	[18,20] -4	-3	-2	-1	0	1	2	
3	[18,21] -5	-4	-3	-2	-1	0	1	2	
3	[18,22] -6	-5	-4	-3	-2	-1	0	1	2	
3	[18,23] -7	-6	-5	-4	-3	-2	-1	0	1	2	
3	[18,24] -8	-7	-6	-5	-4	-3	-2	-1	0	1	2	
3	[18,25] -9	-8	-7	-6	-5	-4	-3	-2	-1	0	1	2	
3	[18,26] -10	-9	-8	-7	-6	-5	-4	-3	-2	-1	0	1	2	
3	[18,27] -11	-10	-9	-8	-7	-6	-5	-4	-3	-2	-1	0	1	2	
3	[18,28] -12	-11	-10	-9	-8	-7	-6	-5	-4	-3	-2	-1	0	1	2	
3	[18,29] -12	-11	-10	-9	-8	-7	-6	-5	-4	-3	-2	-1	0	1	
3	[18,30] -12	-11	-10	-9	-8	-7	-6	-5	-4	-3	-2	-1	0	
3	[19,-30] 7	8	
3	[19,-29] 7	8	
3	[19,-28] 7	8	
3	[19,-27] 7	8	
3	[19,-26] 7	8	
3	[19,-25] 1	2	3	
3	[19,-24] 0	1	2	3	
3	[19,-23] 0	1	2	3	
3	[19,-22] 0	1	2	3	
3	[19,-21] 0	1	2	3	
3	[19,-20] 0	1	2	3	
3	[19,-19] 0	1	2	3	
3	[19,-18] 0	1	2	3	
3	[19,-17] 0	1	2	3	
3	[19,-16] 0	1	2	3	
3	[19,-15] 0	1	2	3	
3	[19,-14] 0	1	2	3	
3	[19,-13] 0	1	2	3	
3	[19,-12] 0	1	2	3	
3	[19,-11] 0	1	2	3	
3	[19,-10] 0	1	2	3	
3	[19,-9] 0	1	2	3	
3	[19,-8] 0	1	2	3	
3	[19,-7] 0	1	2	3	
3	[19,-6] 0	1	2	3	
3	[19,0] 9	10	
3	[19,2] 8	9	
3	[19,4] 7	8	
3	[19,6] 6	7	
3	[19,8] 5	6	
3	[19,10] 4	5	
3	[19,12] 3	4	
3	[19,14] 2	3	
3	[19,15] 1	2	3	
3	[19,16] 0	1	2	3	
3	[19,17] -1	0	1	2	3	
3	[19,18] -2	-1	0	1	2	3	
3	[19,19] -3	-2	-1	0	1	2	3	
3	[19,20] -4	-3	-2	-1	0	1	2	3	
3	[19,21] -5	-4	-3	-2	-1	0	1	2	3	
3	[19,22] -6	-5	-4	-3	-2	-1	0	1	2	3	
3	[19,23] -7	-6	-5	-4	-3	-2	-1	0	1	2	3	
3	[19,24] -8	-7	-6	-5	-4	-3	-2	-1	0	1	2	3	
3	[19,25] -9	-8	-7	-6	-5	-4	-3	-2	-1	0	1	2	3	
3	[19,26] -10	-9	-8	-7	-6	-5	-4	-3	-2	-1	0	1	2	3	
3	[19,27] -11	-10	-9	-8	-7	-6	-5	-4	-3	-2	-1	0	1	2	3	
3	[19,28] -11	-10	-9	-8	-7	-6	-5	-4	-3	-2	-1	0	1	2	
3	[19,29] -11	-10	-9	-8	-7	-6	-5	-4	-3	-2	-1	0	1	
3	[19,30] -11	-10	-9	-8	-7	-6	-5	-4	-3	-2	-1	0	
3	[20,-30] 8	9	
3	[20,-29] 8	9	
3	[20,-28] 8	9	
3	[20,-27] 8	9	
3	[20,-26] 2	3	4	
3	[20,-25] 1	2	3	4	
3	[20,-24] 0	1	2	3	4	
3	[20,-23] 0	1	2	3	4	
3	[20,-22] 0	1	2	3	4	
3	[20,-21] 0	1	2	3	4	
3	[20,-20] 0	1	2	3	4	
3	[20,-19] 0	1	2	3	4	
3	[20,-18] 0	1	2	3	4	
3	[20,-17] 0	1	2	3	4	
3	[20,-16] 0	1	2	3	4	
3	[20,-15] 0	1	2	3	4	
3	[20,-14] 0	1	2	3	4	
3	[20,-13] 0	1	2	3	4	
3	[20,-12] 0	1	2	3	4	
3	[20,-11] 0	1	2	3	4	
3	[20,-10] 0	1	2	3	4	
3	[20,-9] 0	1	2	3	4	
3	[20,-8] 0	1	2	3	4	
3	[20,-7] 0	1	2	3	4	
3	[20,-1] 10	11	
3	[20,1] 9	10	
3	[20,3] 8	9	
3	[20,5] 7	8	
3	[20,7] 6	7	
3	[20,9] 5	6	
3	[20,11] 4	5	
3	[20,13] 3	4	
3	[20,14] 2	3	4	
3	[20,15] 1	2	3	4	
3	[20,16] 0	1	2	3	4	
3	[20,17] -1	0	1	2	3	4	
3	[20,18] -2	-1	0	1	2	3	4	
3	[20,19] -3	-2	-1	0	1	2	3	4	
3	[20,20] -4	-3	-2	-1	0	1	2	3	4	
3	[20,21] -5	-4	-3	-2	-1	0	1	2	3	4	
3	[20,22] -6	-5	-4	-3	-2	-1	0	1	2	3	4	
3	[20,23] -7	-6	-5	-4	-3	-2	-1	0	1	2	3	4	
3	[20,24] -8	-7	-6	-5	-4	-3	-2	-1	0	1	2	3	4	
3	[20,25] -9	-8	-7	-6	-5	-4	-3	-2	-1	0	1	2	3	4	
3	[20,26] -10	-9	-8	-7	-6	-5	-4	-3	-2	-1	0	1	2	3	4	
3	[20,27] -10	-9	-8	-7	-6	-5	-4	-3	-2	-1	0	1	2	3	
3	[20,28] -10	-9	-8	-7	-6	-5	-4	-3	-2	-1	0	1	2	
3	[20,29] -10	-9	-8	-7	-6	-5	-4	-3	-2	-1	0	1	
3	[20,30] -10	-9	-8	-7	-6	-5	-4	-3	-2	-1	0	
3	[21,-30] 9	10	
3	[21,-29] 9	10	
3	[21,-28] 9	10	
3	[21,-27] 3	4	5	
3	[21,-26] 2	3	4	5	
3	[21,-25] 1	2	3	4	5	
3	[21,-24] 0	1	2	3	4	5	
3	[21,-23] 0	1	2	3	4	5	
3	[21,-22] 0	1	2	3	4	5	
3	[21,-21] 0	1	2	3	4	5	
3	[21,-20] 0	1	2	3	4	5	
3	[21,-19] 0	1	2	3	4	5	
3	[21,-18] 0	1	2	3	4	5	
3	[21,-17] 0	1	2	3	4	5	
3	[21,-16] 0	1	2	3	4	5	
3	[21,-15] 0	1	2	3	4	5	
3	[21,-14] 0	1	2	3	4	5	
3	[21,-13] 0	1	2	3	4	5	
3	[21,-12] 0	1	2	3	4	5	
3	[21,-11] 0	1	2	3	4	5	
3	[21,-10] 0	1	2	3	4	5	
3	[21,-9] 0	1	2	3	4	5	
3	[21,-8] 0	1	2	3	4	5	
3	[21,-2] 11	12	
3	[21,0] 10	11	
3	[21,2] 9	10	
3	[21,4] 8	9	
3	[21,6] 7	8	
3	[21,8] 6	7	
3	[21,10] 5	6	
3	[21,12] 4	5	
3	[21,13] 3	4	5	
3	[21,14] 2	3	4	5	
3	[21,15] 1	2	3	4	5	
3	[21,16] 0	1	2	3	4	5	
3	[21,17] -1	0	1	2	3	4	5	
3	[21,18] -2	-1	0	1	2	3	4	5	
3	[21,19] -3	-2	-1	0	1	2	3	4	5	
3	[21,20] -4	-3	-2	-1	0	1	2	3	4	5	
3	[21,21] -5	-4	-3	-2	-1	0	1	2	3	4	5	
3	[21,22] -6	-5	-4	-3	-2	-1	0	1	2	3	4	5	
3	[21,23] -7	-6	-5	-4	-3	-2	-1	0	1	2	3	4	5	
3	[21,24] -8	-7	-6	-5	-4	-3	-2	-1	0	1	2	3	4	5	
3	[21,25] -9	-8	-7	-6	-5	-4	-3	-2	-1	0	1	2	3	4	5	
3	[21,26] -9	-8	-7	-6	-5	-4	-3	-2	-1	0	1	2	3	4	
3	[21,27] -9	-8	-7	-6	-5	-4	-3	-2	-1	0	1	2	3	
3	[21,28] -9	-8	-7	-6	-5	-4	-3	-2	-1	0	1	2	
3	[21,29] -9	-8	-7	-6	-5	-4	-3	-2	-1	0	1	
3	[21,30] -9	-8	-7	-6	-5	-4	-3	-2	-1	0	
3	[22,-30] 10	11	
3	[22,-29] 10	11	
3	[22,-28] 4	5	6	
3	[22,-27] 3	4	5	6	
3	[22,-26] 2	3	4	5	6	
3	[22,-25] 1	2	3	4	5	6	
3	[22,-24] 0	1	2	3	4	5	6	
3	[22,-23] 0	1	2	3	4	5	6	
3	[22,-22] 0	1	2	3	4	5	6	
3	[22,-21] 0	1	2	3	4	5	6	
3	[22,-20] 0	1	2	3	4	5	6	
3	[22,-19] 0	1	2	3	4	5	6	
3	[22,-18] 0	1	2	3	4	5	6	
3	[22,-17] 0	1	2	3	4	5	6	
3	[22,-16] 0	1	2	3	4	5	6	
3	[22,-15] 0	1	2	3	4	5	6	
3	[22,-14] 0	1	2	3	4	5	6	
3	[22,-13] 0	1	2	3	4	5	6	
3	[22,-12] 0	1	2	3	4	5	6	
3	[22,-11] 0	1	2	3	4	5	6	
3	[22,-10] 0	1	2	3	4	5	6	
3	[22,-9] 0	1	2	3	4	5	6	
3	[22,-3] 12	13	
3	[22,-1] 11	12	
3	[22,1] 10	11	
3	[22,3] 9	10	
3	[22,5] 8	9	
3	[22,7] 7	8	
3	[22,9] 6	7	
3	[22,11] 5	6	
3	[22,12] 4	5	6	
3	[22,13] 3	4	5	6	
3	[22,14] 2	3	4	5	6	
3	[22,15] 1	2	3	4	5	6	
3	[22,16] 0	1	2	3	4	5	6	
3	[22,17] -1	0	1	2	3	4	5	6	
3	[22,18] -2	-1	0	1	2	3	4	5	6	
3	[22,19] -3	-2	-1	0	1	2	3	4	5	6	
3	[22,20] -4	-3	-2	-1	0	1	2	3	4	5	6	
3	[22,21] -5	-4	-3	-2	-1	0	1	2	3	4	5	6	
3	[22,22] -6	-5	-4	-3	-2	-1	0	1	2	3	4	5	6	
3	[22,23] -7	-6	-5	-4	-3	-2	-1	0	1	2	3	4	5	6	
3	[22,24] -8	-7	-6	-5	-4	-3	-2	-1	0	1	2	3	4	5	6	
3	[22,25] -8	-7	-6	-5	-4	-3	-2	-1	0	1	2	3	4	5	
3	[22,26] -8	-7	-6	-5	-4	-3	-2	-1	0	1	2	3	4	
3	[22,27] -8	-7	-6	-5	-4	-3	-2	-1	0	1	2	3	
3	[22,28] -8	-7	-6	-5	-4	-3	-2	-1	0	1	2	
3	[22,29] -8	-7	-6	-5	-4	-3	-2	-1	0	1	
3	[22,30] -8	-7	-6	-5	-4	-3	-2	-1	0	
3	[23,-30] 11	12	
3	[23,-29] 5	6	7	
3	[23,-28] 4	5	6	7	
3	[23,-27] 3	4	5	6	7	
3	[23,-26] 2	3	4	5	6	7	
3	[23,-25] 1	2	3	4	5	6	7	
3	[23,-24] 0	1	2	3	4	5	6	7	
3	[23,-23] 0	1	2	3	4	5	6	7	
3	[23,-22] 0	1	2	3	4	5	6	7	
3	[23,-21] 0	1	2	3	4	5	6	7	
3	[23,-20] 0	1	2	3	4	5	6	7	
3	[23,-19] 0	1	2	3	4	5	6	7	
3	[23,-18] 0	1	2	3	4	5	6	7	
3	[23,-17] 0	1	2	3	4	5	6	7	
3	[23,-16] 0	1	2	3	4	5	6	7	
3	[23,-15] 0	1	2	3	4	5	6	7	
3	[23,-14] 0	1	2	3	4	5	6	7	
3	[23,-13] 0	1	2	3	4	5	6	7	
3	[23,-12] 0	1	2	3	4	5	6	7	
3	[23,-11] 0	1	2	3	4	5	6	7	
3	[23,-10] 0	1	2	3	4	5	6	7	
3	[23,-4] 13	14	
3	[23,-2] 12	13	
3	[23,0] 11	12	
3	[23,2] 10	11	
3	[23,4] 9	10	
3	[23,6] 8	9	
3	[23,8] 7	8	
3	[23,10] 6	7	
3	[23,11] 5	6	7	
3	[23,12] 4	5	6	7	
3	[23,13] 3	4	5	6	7	
3	[23,14] 2	3	4	5	6	7	
3	[23,15] 1	2	3	4	5	6	7	
3	[23,16] 0	1	2	3	4	5	6	7	
3	[23,17] -1	0	1	2	3	4	5	6	7	
3	[23,18] -2	-1	0	1	2	3	4	5	6	7	
3	[23,19] -3	-2	-1	0	1	2	3	4	5	6	7	
3	[23,20] -4	-3	-2	-1	0	1	2	3	4	5	6	7	
3	[23,21] -5	-4	-3	-2	-1	0	1	2	3	4	5	6	7	
3	[23,22] -6	-5	-4	-3	-2	-1	0	1	2	3	4	5	6	7	
3	[23,23] -7	-6	-5	-4	-3	-2	-1	0	1	2	3	4	5	6	7	
3	[23,24] -7	-6	-5	-4	-3	-2	-1	0	1	2	3	4	5	6	
3	[23,25] -7	-6	-5	-4	-3	-2	-1	0	1	2	3	4	5	
3	[23,26] -7	-6	-5	-4	-3	-2	-1	0	1	2	3	4	
3	[23,27] -7	-6	-5	-4	-3	-2	-1	0	1	2	3	
3	[23,28] -7	-6	-5	-4	-3	-2	-1	0	1	2	
3	[23,29] -7	-6	-5	-4	-3	-2	-1	0	1	
3	[23,30] -7	-6	-5	-4	-3	-2	-1	0	
3	[24,-30] 6	7	8	
3	[24,-29] 5	6	7	8	
3	[24,-28] 4	5	6	7	8	
3	[24,-27] 3	4	5	6	7	8	
3	[24,-26] 2	3	4	5	6	7	8	
3	[24,-25] 1	2	3	4	5	6	7	8	
3	[24,-24] 1	2	3	4	5	6	7	8	
3	[24,-23] 1	2	3	4	5	6	7	8	
3	[24,-22] 1	2	3	4	5	6	7	8	
3	[24,-21] 1	2	3	4	5	6	7	8	
3	[24,-20] 1	2	3	4	5	6	7	8	
3	[24,-19] 1	2	3	4	5	6	7	8	
3	[24,-18] 1	2	3	4	5	6	7	8	
3	[24,-17] 1	2	3	4	5	6	7	8	
3	[24,-16] 1	2	3	4	5	6	7	8	
3	[24,-15] 1	2	3	4	5	6	7	8	
3	[24,-14] 1	2	3	4	5	6	7	8	
3	[24,-13] 1	2	3	4	5	6	7	8	
3	[24,-12] 1	2	3	4	5	6	7	8	
3	[24,-11] 1	2	3	4	5	6	7	8	
3	[24,-5] 14	15	
3	[24,-3] 13	14	
3	[24,-1] 12	13	
3	[24,1] 11	12	
3	[24,3] 10	11	
3	[24,5] 9	10	
3	[24,7] 8	9	
3	[24,9] 7	8	
3	[24,10] 6	7	8	
3	[24,11] 5	6	7	8	
3	[24,12] 4	5	6	7	8	
3	[24,13] 3	4	5	6	7	8	
3	[24,14] 2	3	4	5	6	7	8	
3	[24,15] 1	2	3	4	5	6	7	8	
3	[24,16] 0	1	2	3	4	5	6	7	8	
3	[24,17] -1	0	1	2	3	4	5	6	7	8	
3	[24,18] -2	-1	0	1	2	3	4	5	6	7	8	
3	[24,19] -3	-2	-1	0	1	2	3	4	5	6	7	8	
3	[24,20] -4	-3	-2	-1	0	1	2	3	4	5	6	7	8	
3	[24,21] -5	-4	-3	-2	-1	0	1	2	3	4	5	6	7	8	
3	[24,22] -6	-5	-4	-3	-2	-1	0	1	2	3	4	5	6	7	8	
3	[24,23] -6	-5	-4	-3	-2	-1	0	1	2	3	4	5	6	7	
3	[24,24] -6	-5	-4	-3	-2	-1	0	1	2	3	4	5	6	
3	[24,25] -6	-5	-4	-3	-2	-1	0	1	2	3	4	5	
3	[24,26] -6	-5	-4	-3	-2	-1	0	1	2	3	4	
3	[24,27] -6	-5	-4	-3	-2	-1	0	1	2	3	
3	[24,28] -6	-5	-4	-3	-2	-1	0	1	2	
3	[24,29] -6	-5	-4	-3	-2	-1	0	1	
3	[24,30] -6	-5	-4	-3	-2	-1	0	
3	[25,-30] 6	7	8	9	
3	[25,-29] 5	6	7	8	9	
3	[25,-28] 4	5	6	7	8	9	
3	[25,-27] 3	4	5	6	7	8	9	
3	[25,-26] 2	3	4	5	6	7	8	9	
3	[25,-25] 2	3	4	5	6	7	8	9	
3	[25,-24] 2	3	4	5	6	7	8	9	
3	[25,-23] 2	3	4	5	6	7	8	9	
3	[25,-22] 2	3	4	5	6	7	8	9	
3	[25,-21] 2	3	4	5	6	7	8	9	
3	[25,-20] 2	3	4	5	6	7	8	9	
3	[25,-19] 2	3	4	5	6	7	8	9	
3	[25,-18] 2	3	4	5	6	7	8	9	
3	[25,-17] 2	3	4	5	6	7	8	9	
3	[25,-16] 2	3	4	5	6	7	8	9	
3	[25,-15] 2	3	4	5	6	7	8	9	
3	[25,-14] 2	3	4	5	6	7	8	9	
3	[25,-13] 2	3	4	5	6	7	8	9	
3	[25,-12] 2	3	4	5	6	7	8	9	
3	[25,-6] 15	16	
3	[25,-4] 14	15	
3	[25,-2] 13	14	
3	[25,0] 12	13	
3	[25,2] 11	12	
3	[25,4] 10	11	
3	[25,6] 9	10	
3	[25,8] 8	9	
3	[25,9] 7	8	9	
3	[25,10] 6	7	8	9	
3	[25,11] 5	6	7	8	9	
3	[25,12] 4	5	6	7	8	9	
3	[25,13] 3	4	5	6	7	8	9	
3	[25,14] 2	3	4	5	6	7	8	9	
3	[25,15] 1	2	3	4	5	6	7	8	9	
3	[25,16] 0	1	2	3	4	5	6	7	8	9	
3	[25,17] -1	0	1	2	3	4	5	6	7	8	9	
3	[25,18] -2	-1	0	1	2	3	4	5	6	7	8	9	
3	[25,19] -3	-2	-1	0	1	2	3	4	5	6	7	8	9	
3	[25,20] -4	-3	-2	-1	0	1	2	3	4	5	6	7	8	9	
3	[25,21] -5	-4	-3	-2	-1	0	1	2	3	4	5	6	7	8	9	
3	[25,22] -5	-4	-3	-2	-1	0	1	2	3	4	5	6	7	8	
3	[25,23] -5	-4	-3	-2	-1	0	1	2	3	4	5	6	7	
3	[25,24] -5	-4	-3	-2	-1	0	1	2	3	4	5	6	
3	[25,25] -5	-4	-3	-2	-1	0	1	2	3	4	5	
3	[25,26] -5	-4	-3	-2	-1	0	1	2	3	4	
3	[25,27] -5	-4	-3	-2	-1	0	1	2	3	
3	[25,28] -5	-4	-3	-2	-1	0	1	2	
3	[25,29] -5	-4	-3	-2	-1	0	1	
3	[25,30] -5	-4	-3	-2	-1	0	
3	[26,-30] 6	7	8	9	10	
3	[26,-29] 5	6	7	8	9	10	
3	[26,-28] 4	5	6	7	8	9	10	
3	[26,-27] 3	4	5	6	7	8	9	10	
3	[26,-26] 3	4	5	6	7	8	9	10	
3	[26,-25] 3	4	5	6	7	8	9	10	
3	[26,-24] 3	4	5	6	7	8	9	10	
3	[26,-23] 3	4	5	6	7	8	9	10	
3	[26,-22] 3	4	5	6	7	8	9	10	
3	[26,-21] 3	4	5	6	7	8	9	10	
3	[26,-20] 3	4	5	6	7	8	9	10	
3	[26,-19] 3	4	5	6	7	8	9	10	
3	[26,-18] 3	4	5	6	7	8	9	10	
3	[26,-17] 3	4	5	6	7	8	9	10	
3	[26,-16] 3	4	5	6	7	8	9	10	
3	[26,-15] 3	4	5	6	7	8	9	10	
3	[26,-14] 3	4	5	6	7	8	9	10	
3	[26,-13] 3	4	5	6	7	8	9	10	
3	[26,-7] 16	17	
3	[26,-5] 15	16	
3	[26,-3] 14	15	
3	[26,-1] 13	14	
3	[26,1] 12	13	
3	[26,3] 11	12	
3	[26,5] 10	11	
3	[26,7] 9	10	
3	[26,8] 8	9	10	
3	[26,9] 7	8	9	10	
3	[26,10] 6	7	8	9	10	
3	[26,11] 5	6	7	8	9	10	
3	[26,12] 4	5	6	7	8	9	10	
3	[26,13] 3	4	5	6	7	8	9	10	
3	[26,14] 2	3	4	5	6	7	8	9	10	
3	[26,15] 1	2	3	4	5	6	7	8	9	10	
3	[26,16] 0	1	2	3	4	5	6	7	8	9	10	
3	[26,17] -1	0	1	2	3	4	5	6	7	8	9	10	
3	[26,18] -2	-1	0	1	2	3	4	5	6	7	8	9	10	
3	[26,19] -3	-2	-1	0	1	2	3	4	5	6	7	8	9	10	
3	[26,20] -4	-3	-2	-1	0	1	2	3	4	5	6	7	8	9	10	
3	[26,21] -4	-3	-2	-1	0	1	2	3	4	5	6	7	8	9	
3	[26,22] -4	-3	-2	-1	0	1	2	3	4	5	6	7	8	
3	[26,23] -4	-3	-2	-1	0	1	2	3	4	5	6	7	
3	[26,24] -4	-3	-2	-1	0	1	2	3	4	5	6	
3	[26,25] -4	-3	-2	-1	0	1	2	3	4	5	
3	[26,26] -4	-3	-2	-1	0	1	2	3	4	
3	[26,27] -4	-3	-2	-1	0	1	2	3	
3	[26,28] -4	-3	-2	-1	0	1	2	
3	[26,29] -4	-3	-2	-1	0	1	
3	[26,30] -4	-3	-2	-1	0	
3	[27,-30] 6	7	8	9	10	11	
3	[27,-29] 5	6	7	8	9	10	11	
3	[27,-28] 4	5	6	7	8	9	10	11	
3	[27,-27] 4	5	6	7	8	9	10	11	
3	[27,-26] 4	5	6	7	8	9	10	11	
3	[27,-25] 4	5	6	7	8	9	10	11	
3	[27,-24] 4	5	6	7	8	9	10	11	
3	[27,-23] 4	5	6	7	8	9	10	11	
3	[27,-22] 4	5	6	7	8	9	10	11	
3	[27,-21] 4	5	6	7	8	9	10	11	
3	[27,-20] 4	5	6	7	8	9	10	11	
3	[27,-19] 4	5	6	7	8	9	10	11	
3	[27,-18] 4	5	6	7	8	9	10	11	
3	[27,-17] 4	5	6	7	8	9	10	11	
3	[27,-16] 4	5	6	7	8	9	10	11	
3	[27,-15] 4	5	6	7	8	9	10	11	
3	[27,-14] 4	5	6	7	8	9	10	11	
3	[27,-8] 17	18	
3	[27,-6] 16	17	
3	[27,-4] 15	16	
3	[27,-2] 14	15	
3	[27,0] 13	14	
3	[27,2] 12	13	
3	[27,4] 11	12	
3	[27,6] 10	11	
3	[27,7] 9	10	11	
3	[27,8] 8	9	10	11	
3	[27,9] 7	8	9	10	11	
3	[27,10] 6	7	8	9	10	11	
3	[27,11] 5	6	7	8	9	10	11	
3	[27,12] 4	5	6	7	8	9	10	11	
3	[27,13] 3	4	5	6	7	8	9	10	11	
3	[27,14] 2	3	4	5	6	7	8	9	10	11	
3	[27,15] 1	2	3	4	5	6	7	8	9	10	11	
3	[27,16] 0	1	2	3	4	5	6	7	8	9	10	11	
3	[27,17] -1	0	1	2	3	4	5	6	7	8	9	10	11	
3	[27,18] -2	-1	0	1	2	3	4	5	6	7	8	9	10	11	
3	[27,19] -3	-2	-1	0	1	2	3	4	5	6	7	8	9	10	11	
3	[27,20] -3	-2	-1	0	1	2	3	4	5	6	7	8	9	10	
3	[27,21] -3	-2	-1	0	1	2	3	4	5	6	7	8	9	
3	[27,22] -3	-2	-1	0	1	2	3	4	5	6	7	8	
3	[27,23] -3	-2	-1	0	1	2	3	4	5	6	7	
3	[27,24] -3	-2	-1	0	1	2	3	4	5	6	
3	[27,25] -3	-2	-1	0	1	2	3	4	5	
3	[27,26] -3	-2	-1	0	1	2	3	4	
3	[27,27] -3	-2	-1	0	1	2	3	
3	[27,28] -3	-2	-1	0	1	2	
3	[27,29] -3	-2	-1	0	1	
3	[27,30] -3	-2	-1	0	
3	[28,-30] 6	7	8	9	10	11	12	
3	[28,-29] 5	6	7	8	9	10	11	12	
3	[28,-28] 5	6	7	8	9	10	11	12	
3	[28,-27] 5	6	7	8	9	10	11	12	
3	[28,-26] 5	6	7	8	9	10	11	12	
3	[28,-25] 5	6	7	8	9	10	11	12	
3	[28,-24] 5	6	7	8	9	10	11	12	
3	[28,-23] 5	6	7	8	9	10	11	12	
3	[28,-22] 5	6	7	8	9	10	11	12	
3	[28,-21] 5	6	7	8	9	10	11	12	
3	[28,-20] 5	6	7	8	9	10	11	12	
3	[28,-19] 5	6	7	8	9	10	11	12	
3	[28,-18] 5	6	7	8	9	10	11	12	
3	[28,-17] 5	6	7	8	9	10	11	12	
3	[28,-16] 5	6	7	8	9	10	11	12	
3	[28,-15] 5	6	7	8	9	10	11	12	
3	[28,-9] 18	19	
3	[28,-7] 17	18	
3	[28,-5] 16	17	
3	[28,-3] 15	16	
3	[28,-1] 14	15	
3	[28,1] 13	14	
3	[28,3] 12	13	
3	[28,5] 11	12	
3	[28,6] 10	11	12	
3	[28,7] 9	10	11	12	
3	[28,8] 8	9	10	11	12	
3	[28,9] 7	8	9	10	11	12	
3	[28,10] 6	7	8	9	10	11	12	
3	[28,11] 5	6	7	8	9	10	11	12	
3	[28,12] 4	5	6	7	8	9	10	11	12	
3	[28,13] 3	4	5	6	7	8	9	10	11	12	
3	[28,14] 2	3	4	5	6	7	8	9	10	11	12	
3	[28,15] 1	2	3	4	5	6	7	8	9	10	11	12	
3	[28,16] 0	1	2	3	4	5	6	7	8	9	10	11	12	
3	[28,17] -1	0	1	2	3	4	5	6	7	8	9	10	11	12	
3	[28,18] -2	-1	0	1	2	3	4	5	6	7	8	9	10	11	12	
3	[28,19] -2	-1	0	1	2	3	4	5	6	7	8	9	10	11	
3	[28,20] -2	-1	0	1	2	3	4	5	6	7	8	9	10	
3	[28,21] -2	-1	0	1	2	3	4	5	6	7	8	9	
3	[28,22] -2	-1	0	1	2	3	4	5	6	7	8	
3	[28,23] -2	-1	0	1	2	3	4	5	6	7	
3	[28,24] -2	-1	0	1	2	3	4	5	6	
3	[28,25] -2	-1	0	1	2	3	4	5	
3	[28,26] -2	-1	0	1	2	3	4	
3	[28,27] -2	-1	0	1	2	3	
3	[28,28] -2	-1	0	1	2	
3	[28,29] -2	-1	0	1	
3	[28,30] -2	-1	0	
3	[29,-30] 6	7	8	9	10	11	12	13	
3	[29,-29] 6	7	8	9	10	11	12	13	
3	[29,-28] 6	7	8	9	10	11	12	13	
3	[29,-27] 6	7	8	9	10	11	12	13	
3	[29,-26] 6	7	8	9	10	11	12	13	
3	[29,-25] 6	7	8	9	10	11	12	13	
3	[29,-24] 6	7	8	9	10	11	12	13	
3	[29,-23] 6	7	8	9	10	11	12	13	
3	[29,-22] 6	7	8	9	10	11	12	13	
3	[29,-21] 6	7	8	9	10	11	12	13	
3	[29,-20] 6	7	8	9	10	11	12	13	
3	[29,-19] 6	7	8	9	10	11	12	13	
3	[29,-18] 6	7	8	9	10	11	12	13	
3	[29,-17] 6	7	8	9	10	11	12	13	
3	[29,-16] 6	7	8	9	10	11	12	13	
3	[29,-15] 6	7	8	9	10	11	12	13	
3	[29,-8] 18	19	
3	[29,-6] 17	18	
3	[29,-4] 16	17	
3	[29,-2] 15	16	
3	[29,0] 14	15	
3	[29,2] 13	14	
3	[29,4] 12	13	
3	[29,5] 11	12	13	
3	[29,6] 10	11	12	13	
3	[29,7] 9	10	11	12	13	
3	[29,8] 8	9	10	11	12	13	
3	[29,9] 7	8	9	10	11	12	13	
3	[29,10] 6	7	8	9	10	11	12	13	
3	[29,11] 5	6	7	8	9	10	11	12	13	
3	[29,12] 4	5	6	7	8	9	10	11	12	13	
3	[29,13] 3	4	5	6	7	8	9	10	11	12	13	
3	[29,14] 2	3	4	5	6	7	8	9	10	11	12	13	
3	[29,15] 1	2	3	4	5	6	7	8	9	10	11	12	13	
3	[29,16] 0	1	2	3	4	5	6	7	8	9	10	11	12	13	
3	[29,17] -1	0	1	2	3	4	5	6	7	8	9	10	11	12	13	
3	[29,18] -1	0	1	2	3	4	5	6	7	8	9	10	11	12	
3	[29,19] -1	0	1	2	3	4	5	6	7	8	9	10	11	
3	[29,20] -1	0	1	2	3	4	5	6	7	8	9	10	
3	[29,21] -1	0	1	2	3	4	5	6	7	8	9	
3	[29,22] -1	0	1	2	3	4	5	6	7	8	
3	[29,23] -1	0	1	2	3	4	5	6	7	
3	[29,24] -1	0	1	2	3	4	5	6	
3	[29,25] -1	0	1	2	3	4	5	
3	[29,26] -1	0	1	2	3	4	
3	[29,27] -1	0	1	2	3	
3	[29,28] -1	0	1	2	
3	[29,29] -1	0	1	
3	[29,30] -1	0	
3	[30,-30] 7	8	9	10	11	12	13	14	
3	[30,-29] 7	8	9	10	11	12	13	14	
3	[30,-28] 7	8	9	10	11	12	13	14	
3	[30,-27] 7	8	9	10	11	12	13	14	
3	[30,-26] 7	8	9	10	11	12	13	14	
3	[30,-25] 7	8	9	10	11	12	13	14	
3	[30,-24] 7	8	9	10	11	12	13	14	
3	[30,-23] 7	8	9	10	11	12	13	14	
3	[30,-22] 7	8	9	10	11	12	13	14	
3	[30,-21] 7	8	9	10	11	12	13	14	
3	[30,-20] 7	8	9	10	11	12	13	14	
3	[30,-19] 7	8	9	10	11	12	13	14	
3	[30,-18] 7	8	9	10	11	12	13	14	
3	[30,-17] 7	8	9	10	11	12	13	14	
3	[30,-16] 7	8	9	10	11	12	13	14	
3	[30,-9] 19	20	
3	[30,-7] 18	19	
3	[30,-5] 17	18	
3	[30,-3] 16	17	
3	[30,-1] 15	16	
3	[30,1] 14	15	
3	[30,3] 13	14	
3	[30,4] 12	13	14	
3	[30,5] 11	12	13	14	
3	[30,6] 10	11	12	13	14	
3	[30,7] 9	10	11	12	13	14	
3	[30,8] 8	9	10	11	12	13	14	
3	[30,9] 7	8	9	10	11	12	13	14	
3	[30,10] 6	7	8	9	10	11	12	13	14	
3	[30,11] 5	6	7	8	9	10	11	12	13	14	
3	[30,12] 4	5	6	7	8	9	10	11	12	13	14	
3	[30,13] 3	4	5	6	7	8	9	10	11	12	13	14	
3	[30,14] 2	3	4	5	6	7	8	9	10	11	12	13	14	
3	[30,15] 1	2	3	4	5	6	7	8	9	10	11	12	13	14	
3	[30,16] 0	1	2	3	4	5	6	7	8	9	10	11	12	13	14	
3	[30,17] 0	1	2	3	4	5	6	7	8	9	10	11	12	13	
3	[30,18] 0	1	2	3	4	5	6	7	8	9	10	11	12	
3	[30,19] 0	1	2	3	4	5	6	7	8	9	10	11	
3	[30,20] 0	1	2	3	4	5	6	7	8	9	10	
3	[30,21] 0	1	2	3	4	5	6	7	8	9	
3	[30,22] 0	1	2	3	4	5	6	7	8	
3	[30,23] 0	1	2	3	4	5	6	7	
3	[30,24] 0	1	2	3	4	5	6	
3	[30,25] 0	1	2	3	4	5	
3	[30,26] 0	1	2	3	4	
3	[30,27] 0	1	2	3	
3	[30,28] 0	1	2	
3	[30,29] 0	1	
