100

====================================
5.0
2.0
0.0
32
15
16
16
15
0
16
15
16

====================================
5.0
2.0
0.0
31
16
15
0
16
0
31
16
15

====================================
5.0
2.0
0.0
32
15
31
16
0
0
31
16
15
16

====================================
5.0
2.0
1.0
0
0
15
0
16
0
31
16
15
16

====================================
5.0
3.0
0.0
16
0
15
16
0
0
31
16
15
16

====================================
5.0
3.0
1.0
0
16
0
15
0
0
15
16
16
15

====================================
10.0
2.0
0.0
16
16
0
15
0
16
15
16
16
15

====================================
10.0
2.0
1.0
16
0
16
15
0
0
32
15
16
16

====================================
10.0
3.0
0.0
1
0
16
15
0
16
15
16
16
15

====================================
10.0
3.0
1.0
16
0
16
0
0
0
31
16
16
15

====================================
20.0
2.0
0.0
0
16
0
0
16
0
16
15
0
16

====================================
20.0
2.0
1.0
15
0
16
15
0
16
16
15
16
16

====================================
20.0
3.0
0.0
15
0
16
15
0
0
32
15
16
15

====================================
20.0
3.0
1.0
0
16
0
16
0
15
16
16
15
16
