43.59393173942968
45.18222265722781
37.76994210773041
36.04523652900049
40.6253973509713
40.9627817918013
44.66779356986628
39.12893260308593
42.04536555296522
37.712455190381704
64.5526817090329
73.90862370148615
55.06649660479989
50.94201339017218
61.64392400000043
69.13590226020162
67.07469453722943
55.55018206700073
64.29346767199861
54.526726897457344
71.16874678423441
85.8776877033147
58.89883904320057
55.68717248616064
72.82483318674412
72.10499082160135
77.7843084079844
64.88011602631367
72.29255019409588
59.87195059885731
64.72797399268325
68.34885482514251
55.38685688213526
51.23435691382719
59.130876387826696
57.017566053068215
65.62483776358005
59.87415683000449
60.644670699732956
54.52825002186505
86.31326923885631
91.11003658582776
71.28005176360142
67.25487738373371
77.67648800000026
76.10890331466636
87.75881115200208
75.24385328002663
81.42328696566553
71.08222781331202
93.08996345188906
100.72015649645917
75.83896726080093
71.70069739931384
89.53387899574844
79.65165708769898
96.21948204959904
78.93729007474066
89.01424885686585
76.20059593508408
