
====================================
5.0
2.0
0.0
1203
1171
1656
1640
750
781
2969
2187
844
969

====================================
5.0
2.0
1.0
1142
1141
1672
1655
703
751
2968
2249
860
1000

====================================
5.0
3.0
0.0
1174
1220
1687
1657
704
751
2968
2203
859
984

====================================
5.0
3.0
1.0
1157
1156
1672
1671
718
765
2983
2202
874
1000

====================================
10.0
2.0
0.0
1156
1172
1686
1655
719
766
2983
2202
873
1000

====================================
10.0
2.0
1.0
1156
1171
1687
1672
734
782
2984
2203
875
1015

====================================
10.0
3.0
0.0
1156
1173
1688
1703
1016
782
3062
2218
890
1000

====================================
10.0
3.0
1.0
1172
1188
1687
1672
735
782
3000
2234
891
1015

====================================
20.0
2.0
0.0
1626
1529
1704
1687
751
797
3030
2233
906
1077

====================================
20.0
2.0
1.0
1277
1300
2273
1828
781
829
3047
2297
921
1031

====================================
20.0
3.0
0.0
1185
1203
1735
1703
782
798
3031
2234
890
1047

====================================
20.0
3.0
1.0
1203
1219
1719
1703
750
797
3015
2249
906
1046
