
====================================
5.0
2.0
0.0
[9.0, 9.0, 9.000000000000025, 9.00000000000001, 9.000000000000007, 0.0]
[0.0, 9.0, 9.0, 9.0, 9.0, 9.0]
[9.0, 9.0, 9.000000000000014, 9.000000000000009, 9.0, 9.0]
[9.0, 9.0, 9.000000000000018, 9.000000000000018, 9.0, 9.0]
[6.555700000004529, 9.0, 0.0, 6.046800000000052, 9.0, 0.0]
[8.999999999999998, 9.0, 9.000000000000021, 0.0, 0.0, 8.856928571428751]
[8.999999999999998, 9.0, 9.000000000000071, 9.0, 9.0, 9.0]
[9.000000000000018, 9.0, 9.0, 9.0, 9.0, 9.0]
[7.855514285714488, 0.0, 8.087257142857105, 9.0, 6.099085714285898, 9.0]
[5.0004999999994455, 9.0, 9.0, 9.0, 7.705571428572003, 0.0]

====================================
5.0
2.0
1.0
[9.0, 9.0, 9.000000000000018, 9.000000000000018, 8.47069999999846, 0.0]
[0.0, 8.04219999999919, 9.0, 9.0, 9.0, 9.0]
[9.0, 9.0, 9.000000000000016, 9.0, 9.0, 9.0]
[9.0, 9.0, 9.000000000000025, 9.000000000000032, 9.0, 9.0]
[5.70980000000002, 5.833900000004497, 9.0, 0.0, 7.938899999997209, 0.0]
[9.0, 9.0, 7.848185714285916, 0.0, 6.153814285711971, 0.0]
[9.0, 9.0, 9.000000000000057, 9.000000000000071, 9.000000000000043, 9.0]
[8.999999999999998, 9.0, 9.0, 9.0, 9.0, 9.0]
[7.856928571428773, 0.0, 8.091671428571395, 9.0, 4.051899999999276, 9.0]
[5.0004999999994455, 9.0, 9.0, 9.0, 6.557700000000592, 0.0]

====================================
5.0
3.0
0.0
[9.0, 9.0, 9.000000000000025, 9.000000000000018, 9.000000000000014, 0.0]
[9.0, 0.0, 9.0, 9.0, 9.0, 9.0]
[9.0, 9.0, 9.000000000000014, 9.000000000000009, 9.0, 9.0]
[9.0, 9.0, 9.00000000000002, 9.000000000000018, 9.0, 9.0]
[6.948428571428741, 9.0, 0.0, 5.992499999999994, 9.0, 0.0]
[9.0, 9.0, 7.855900000000202, 0.0, 2.8106333333332127, 7.190395238095359]
[9.0, 9.0, 9.000000000000057, 9.0, 9.0, 9.0]
[9.000000000000046, 9.0, 9.0, 9.0, 9.0, 9.0]
[7.847800000000201, 0.0, 8.095699999999965, 9.0, 6.1029000000001865, 9.0]
[6.978699999997665, 9.0, 9.0, 9.0, 5.73431428571664, 0.0]

====================================
5.0
3.0
1.0
[9.0, 9.0, 9.000000000000018, 9.000000000000025, 9.0, 0.0]
[9.0, 0.0, 9.0, 9.0, 9.0, 9.0]
[9.0, 9.0, 9.000000000000014, 9.000000000000039, 9.0, 9.0]
[9.0, 9.000000000000012, 9.0, 9.000000000000032, 9.0, 9.0]
[5.706800000000019, 6.232242857143, 9.0, 0.0, 9.0, 0.0]
[9.0, 9.0, 7.854485714285916, 0.0, 2.8120476190474983, 7.186795238095359]
[9.0, 9.0, 9.000000000000071, 9.0, 9.0, 9.0]
[9.000000000000028, 9.0, 9.0, 9.0, 9.0, 9.0]
[7.850028571428773, 0.0, 8.09835714285711, 9.0, 6.094714285714466, 9.0]
[6.907599999998034, 9.0, 9.0, 9.0, 5.800271428573417, 0.0]

====================================
10.0
2.0
0.0
[9.0, 9.0, 9.00000000000001, 9.000000000000018, 9.0, 0.0]
[0.0, 9.0, 9.0, 9.0, 9.0, 9.0]
[9.0, 9.0, 9.000000000000018, 9.0, 9.0, 9.0]
[9.0, 9.0, 9.000000000000018, 9.00000000000002, 9.000000000000012, 9.00000000000001]
[9.000000000000004, 9.000000000000002, 8.000699999999078, 9.0, 0.0, 0.0]
[9.0, 9.0, 9.0, 0.0, 0.0, 8.856928571428774]
[9.0, 9.0, 9.000000000000057, 9.000000000000071, 9.000000000000043, 9.0]
[9.00000000000001, 9.0, 9.0, 9.0, 9.0, 9.0]
[9.0, 0.0, 9.0, 9.0, 0.0, 9.0]
[5.0004999999994455, 9.0, 9.0, 9.0, 7.706985714286288, 0.0]

====================================
10.0
2.0
1.0
[9.0, 9.0, 9.000000000000025, 9.0, 8.47379999999851, 0.0]
[9.000000000000002, 9.0, 9.0, 9.0, 9.0, 0.0]
[9.0, 9.0, 9.000000000000018, 9.0, 9.0, 0.0]
[9.0, 9.0, 9.000000000000025, 9.0, 9.0, 0.0]
[6.948557142857312, 9.0, 0.0, 9.0, 0.0, 0.0]
[9.0, 9.0, 9.0, 0.0, 0.0, 0.0]
[9.0, 9.0, 9.000000000000071, 9.0, 9.0, 0.0]
[9.000000000000018, 9.0, 9.0, 9.0, 9.0, 0.0]
[8.759750000002942, 0.0, 9.0, 9.0, 0.0, 0.0]
[8.11364285714294, 9.0, 9.0, 9.0, 0.0, 0.0]

====================================
10.0
3.0
0.0
[9.0, 9.0, 9.000000000000025, 9.000000000000018, 9.000000000000014, 0.0]
[9.0, 0.0, 9.0, 9.0, 9.0, 9.0]
[8.999999999999998, 9.0, 9.00000000000002, 9.0, 9.0, 9.0]
[9.0, 9.0, 9.000000000000018, 9.00000000000002, 9.0, 9.0]
[6.9345428571430165, 9.0, 0.0, 6.0153000000000105, 9.0, 0.0]
[9.0, 9.0, 9.000000000000021, 0.0, 0.0, 8.856928571428751]
[8.999999999999998, 9.0, 9.000000000000071, 9.0, 9.0, 9.0]
[9.0, 9.0, 9.0, 9.0, 9.0, 9.0]
[7.856928571428773, 0.0, 8.099085714285685, 9.0, 6.086657142857317, 9.0]
[6.881099999997826, 9.0, 9.0, 9.0, 5.825271428573621, 0.0]

====================================
10.0
3.0
1.0
[9.0, 9.0, 9.000000000000018, 9.000000000000018, 9.000000000000014, 0.0]
[9.0, 0.0, 9.0, 9.0, 9.0, 9.0]
[9.0, 9.0, 9.000000000000018, 9.0, 9.0, 9.0]
[9.0, 9.0, 9.000000000000025, 9.0, 9.0, 9.0]
[7.940800000000164, 9.0, 0.0, 9.0, 0.0, 0.0]
[9.0, 9.0, 7.846814285714487, 0.0, 9.0, 0.0]
[9.0, 9.0, 9.000000000000057, 9.000000000000071, 9.0, 9.0]
[9.00000000000001, 9.0, 9.0, 9.0, 9.0, 9.0]
[9.0, 0.0, 9.0, 9.0, 0.0, 9.0]
[6.885299999998281, 9.0, 9.0, 9.0, 5.80911428571602, 0.0]

====================================
20.0
2.0
0.0
[9.0, 9.0, 9.0, 9.0, 9.0, 0.0]
[9.0, 9.0, 9.0, 9.0, 9.0, 0.0]
[8.999999999999998, 9.0, 9.00000000000002, 9.0, 9.0, 0.0]
[9.0, 9.0, 9.0, 9.0, 9.0, 0.0]
[9.0, 0.0, 8.292700000004313, 9.0, 0.0, 0.0]
[9.0, 9.0, 9.0, 0.0, 0.0, 0.0]
[9.0, 9.0, 9.000000000000036, 9.0, 9.0, 0.0]
[9.0, 9.0, 9.0, 9.0, 9.0, 0.0]
[9.0, 0.0, 9.0, 9.0, 0.0, 0.0]
[9.0, 9.0, 9.0, 9.0, 0.0, 0.0]

====================================
20.0
2.0
1.0
[9.0, 9.0, 9.000000000000025, 9.0, 0.0, 0.0]
[9.000000000000002, 9.0, 9.0, 9.0, 9.0, 0.0]
[9.0, 9.0, 9.000000000000018, 9.0, 9.0, 0.0]
[9.0, 9.0, 9.000000000000025, 9.0, 9.0, 0.0]
[6.945300000000167, 9.0, 0.0, 9.0, 0.0, 0.0]
[9.0, 9.0, 9.000000000000021, 0.0, 0.0, 0.0]
[9.0, 9.0, 9.000000000000071, 9.0, 9.0, 0.0]
[9.0, 9.0, 9.0, 9.0, 9.0, 0.0]
[8.766200000007688, 0.0, 9.0, 9.0, 0.0, 0.0]
[8.113385714285798, 9.0, 9.0, 9.0, 0.0, 0.0]

====================================
20.0
3.0
0.0
[9.0, 9.0, 9.000000000000014, 9.000000000000018, 9.000000000000014, 0.0]
[9.0, 0.0, 9.0, 9.0, 9.0, 9.0]
[9.0, 9.0, 9.000000000000018, 9.0, 9.0, 9.0]
[9.0, 9.0, 9.000000000000014, 9.00000000000002, 9.000000000000012, 9.00000000000001]
[7.9479571428573115, 9.0, 0.0, 9.0, 0.0, 0.0]
[9.0, 9.0, 9.0, 0.0, 0.0, 8.856928571428773]
[9.0, 9.0, 9.000000000000036, 9.000000000000071, 9.000000000000043, 9.0]
[9.000000000000018, 9.0, 9.0, 9.0, 9.0, 9.0]
[9.0, 0.0, 9.0, 9.0, 0.0, 9.0]
[9.0, 9.0, 9.0, 9.0, 0.0, 0.0]

====================================
20.0
3.0
1.0
[9.0, 9.0, 9.000000000000025, 9.0, 9.0, 0.0]
[9.0, 0.0, 9.0, 9.0, 9.0, 0.0]
[9.0, 9.000000000000005, 9.00000000000001, 9.000000000000039, 9.000000000000028, 0.0]
[9.0, 9.0, 9.000000000000025, 9.0, 9.0, 0.0]
[7.942128571428737, 9.0, 0.0, 9.0, 0.0, 0.0]
[9.0, 9.0, 9.000000000000021, 0.0, 0.0, 0.0]
[9.0, 9.0, 9.000000000000071, 9.0, 9.0, 0.0]
[9.0, 9.0, 9.0, 9.0, 9.0, 0.0]
[9.0, 9.000000000000002, 9.0, 9.0, 0.0, 0.0]
[9.0, 9.0, 9.0, 9.0, 0.0, 0.0]
