====================================
5.0
2.0
0.0
137615
171717
215274
216356
103338
99521
331234
314797
129962
140201

====================================
5.0
2.0
1.0
137914
172363
215613
217561
107757
107926
335192
315910
132190
146147

====================================
5.0
3.0
0.0
138143
170558
214372
215862
102455
100878
339516
313365
129712
144924

====================================
5.0
3.0
1.0
289086/2
466573/2
547757/2
569580/2
284821/2
274762/2
841006/2
682087/2
257846/2
260291/2

====================================
10.0
2.0
0.0
138283
171154
215451
217112
102963
99663
332919
317413
131849
149840

====================================
10.0
2.0
1.0
138387
171414
216045
218531
105460
104964
334614
315005
131145
140843

====================================
10.0
3.0
0.0
137884
170986
214752
229441
128996
137439
437954
406480
173076
186316

====================================
10.0
3.0
1.0
192311
268573
331426
265506
103496
100998
334693
316418
134935
145542

====================================
20.0
2.0
0.0
138194
174098
215410
224124
116047
111451
350259
329048
141774
152229

====================================
20.0
2.0
1.0
141537
181194
227534
230228
113179
108387
344199
327109
142240
152710

====================================
20.0
3.0
0.0
138126
171373
287437
219590
111190
107917
344814
323838
138124
147930

====================================
20.0
3.0
1.0
138045
172266
216172
219877
115880
127795
361922
353971
157423
167794
