[[[12.524900000000367, 15.383599999997827, 16.842800000000455, 18.18679999999928, 19.28719999999861, 20.401600000000737, 21.567800000006365, 22.918099999994546, 24.672100000001905, 28.122600000000855], [46.82139999999749, 51.91850000000394, 54.69429999999761, 56.87690000000687, 58.86730000000142, 60.84269999999312, 62.90780000000095, 65.21279999999123, 68.22269999999186, 73.94899999999878], [101.22479999999214, 108.62179999997903, 112.55619999998338, 115.67209999999665, 118.47419999999889, 121.20800000000796, 124.12040000002617, 127.3588999999733, 131.50079999999812, 139.36329999999418], [138.2165999999857, 146.7610000000206, 151.29899999998747, 154.93139999998456, 158.26280000000304, 161.40420000003604, 164.69979999998102, 168.43979999999627, 173.2158000000007, 182.18930000000347]], 
[[0.0, 0.0, 0.0, 0.0, 0.0, 0.0, 0.0, 0.0, 0.0, 0.0], [29.361699999994137, 33.42220000000031, 35.656100000005324, 37.48179999999121, 39.07459999999331, 40.58979999999945, 42.358100000006246, 44.1970999999984, 46.65619999999149, 51.46179999999394], [82.90210000000666, 89.64089999999342, 93.1786999999985, 96.01640000000782, 98.59999999999079, 101.08260000000048, 103.76189999997746, 106.67110000000626, 110.4759000000017, 117.62449999999629], [119.72269999999428, 127.72689999999024, 131.91789999998346, 135.31900000000576, 138.34060000002987, 141.32409999997202, 144.43659999999437, 147.85160000002455, 152.21600000001462, 160.61330000000157]], 
[[0.0, 0.0, 0.0, 0.0, 0.0, 0.0, 0.0, 0.0, 0.0, 0.0], [0.0, 0.0, 0.0, 0.0, 0.0, 0.0, 0.0, 0.0, 0.0, 0.0], [46.76949999999754, 51.87170000000369, 54.664199999997585, 56.89090000000718, 58.87970000000146, 60.80439999999373, 62.825800000002666, 65.10409999999091, 68.12439999999157, 73.83679999999946], [82.86130000000657, 89.58689999999142, 93.19989999999787, 96.05130000000732, 98.6609999999893, 101.10949999999998, 103.82689999997739, 106.73150000000656, 110.50210000000108, 117.7521999999971]], 
[[0.0, 0.0, 0.0, 0.0, 0.0, 0.0, 0.0, 0.0, 0.0, 0.0], [0.0, 0.0, 0.0, 0.0, 0.0, 0.0, 0.0, 0.0, 0.0, 0.0], [0.0, 0.0, 0.0, 0.0, 0.0, 0.0, 0.0, 0.0, 0.0, 0.0], [29.248999999993675, 33.36529999999998, 35.61470000000548, 37.47029999999114, 39.1161999999934, 40.61149999999956, 42.41480000000643, 44.229799999997944, 46.6938999999916, 51.41829999999371]]];

[[[29.256799999993824, 33.3818000000001, 35.61040000000563, 37.45879999999127, 39.05699999999337, 40.59059999999944, 42.358400000006284, 44.17719999999918, 46.6259999999914, 51.37589999999387], [82.88920000000708, 89.58289999999124, 93.14629999999944, 95.99310000000816, 98.59299999999097, 101.09310000000015, 103.75739999997771, 106.68200000000554, 110.55480000000031, 117.69219999999673], [119.71409999999501, 127.74889999999107, 131.96999999998482, 135.34990000000505, 138.36910000002942, 141.3063999999725, 144.40949999999427, 147.9247000000219, 152.43670000001975, 160.9248000000006]], 
[[0.0, 0.0, 0.0, 0.0, 0.0, 0.0, 0.0, 0.0, 0.0, 0.0], [46.87179999999781, 51.953800000004144, 54.76109999999919, 56.92480000000826, 58.91610000000263, 60.868699999992515, 62.907300000001314, 65.14249999999036, 68.18179999999187, 73.8346999999993], [82.89040000000693, 89.62179999999312, 93.2292999999972, 96.05270000000738, 98.67789999998855, 101.14509999999943, 103.84999999997717, 106.74670000000688, 110.50710000000149, 117.68729999999672]], 
[[0.0, 0.0, 0.0, 0.0, 0.0, 0.0, 0.0, 0.0, 0.0, 0.0], [0.0, 0.0, 0.0, 0.0, 0.0, 0.0, 0.0, 0.0, 0.0, 0.0], [29.352699999994098, 33.40940000000023, 35.6213000000056, 37.45779999999131, 39.08679999999345, 40.61129999999956, 42.41450000000644, 44.25699999999745, 46.686699999991575, 51.377399999994445]]];

[[[46.75919999999749, 51.88370000000377, 54.678499999997655, 56.854100000006106, 58.848300000000684, 60.7910999999939, 62.83200000000264, 65.09699999999074, 68.17099999999175, 73.80479999999946], [82.87920000000696, 89.59569999999002, 93.17089999999854, 96.01900000000775, 98.61659999999057, 101.08470000000047, 103.76489999997739, 106.6827000000058, 110.47930000000179, 117.71189999999721]], 
[[0.0, 0.0, 0.0, 0.0, 0.0, 0.0, 0.0, 0.0, 0.0, 0.0], [29.271299999993747, 33.36820000000001, 35.59480000000568, 37.45379999999146, 39.04249999999331, 40.5820999999994, 42.345000000006245, 44.184799999999, 46.62359999999142, 51.33909999999508]]];

[[[29.27949999999375, 33.34349999999984, 35.55300000000581, 37.415899999992895, 39.00789999999338, 40.565199999999315, 42.31410000000616, 44.186999999998875, 46.642699999991464, 51.37589999999447]]];

[[[12.576300000000492, 15.408399999997908, 16.8834000000006, 18.211899999998888, 19.319899999998825, 20.425500000000895, 21.577900000006327, 22.952599999994455, 24.7206000000022, 28.150900000000654], [46.806599999997566, 51.91640000000395, 54.72369999999831, 56.88690000000688, 58.857500000001124, 60.80409999999354, 62.84390000000241, 65.1137999999905, 68.12199999999149, 73.82239999999919], [101.21309999999235, 108.5980999999774, 112.50549999998529, 115.6480999999969, 118.49319999999956, 121.22520000000726, 124.12230000002639, 127.37649999997363, 131.47019999999685, 139.43719999999388], [138.22299999998657, 146.88790000002504, 151.4612999999926, 155.04669999998148, 158.29560000000185, 161.4194000000369, 164.72969999998034, 168.513399999995, 173.2676000000021, 182.33720000000298]], [[0.0, 0.0, 0.0, 0.0, 0.0, 0.0, 0.0, 0.0, 0.0, 0.0], [29.31789999999396, 33.39280000000014, 35.60990000000556, 37.465899999991116, 39.07949999999339, 40.592999999999456, 42.34770000000624, 44.16319999999926, 46.65969999999154, 51.3702999999946], [82.74910000000696, 89.4923999999891, 93.12709999999939, 95.97090000000878, 98.52139999999306, 101.07750000000038, 103.76309999997738, 106.65250000000621, 110.44210000000216, 117.77469999999727], [119.59789999999305, 127.58129999998552, 131.83639999998275, 135.32870000000537, 138.38670000002898, 141.3726999999725, 144.46619999999518, 147.96540000002082, 152.42710000002026, 160.79360000000065]], [[0.0, 0.0, 0.0, 0.0, 0.0, 0.0, 0.0, 0.0, 0.0, 0.0], [0.0, 0.0, 0.0, 0.0, 0.0, 0.0, 0.0, 0.0, 0.0, 0.0], [46.882799999997644, 51.9507000000041, 54.76959999999968, 56.92230000000786, 58.900800000002214, 60.86669999999265, 62.914300000000985, 65.1905999999904, 68.17859999999148, 73.83939999999892], [82.86430000000674, 89.5753999999925, 93.21789999999733, 96.07140000000695, 98.67879999998901, 101.11759999999991, 103.7875999999769, 106.73130000000623, 110.53910000000063, 117.72169999999613]], [[0.0, 0.0, 0.0, 0.0, 0.0, 0.0, 0.0, 0.0, 0.0, 0.0], [0.0, 0.0, 0.0, 0.0, 0.0, 0.0, 0.0, 0.0, 0.0, 0.0], [0.0, 0.0, 0.0, 0.0, 0.0, 0.0, 0.0, 0.0, 0.0, 0.0], [29.337999999994075, 33.42530000000029, 35.638300000005515, 37.46269999999112, 39.07679999999336, 40.59549999999947, 42.39310000000638, 44.20399999999856, 46.66089999999149, 51.364099999994416]]]

[[[29.31449999999409, 33.41700000000023, 35.61300000000559, 37.46799999999113, 39.090299999993455, 40.61039999999956, 42.40140000000638, 44.21339999999839, 46.639199999991426, 51.30519999999514], [82.76980000000687, 89.57379999999134, 93.17739999999867, 96.00870000000789, 98.59499999999106, 101.08120000000049, 103.75849999997762, 106.69020000000583, 110.51760000000105, 117.75409999999675], [119.72409999999367, 127.69369999998894, 131.906499999983, 135.3304000000051, 138.40550000002852, 141.39039999997235, 144.5292999999952, 148.00770000001998, 152.4684000000201, 160.8963000000009]], [[0.0, 0.0, 0.0, 0.0, 0.0, 0.0, 0.0, 0.0, 0.0, 0.0], [46.83829999999753, 51.89730000000383, 54.68799999999798, 56.875500000006895, 58.87340000000141, 60.82519999999319, 62.862200000002076, 65.11049999999081, 68.14509999999179, 73.88449999999905], [82.81960000000727, 89.47049999998883, 93.1114999999996, 96.01620000000783, 98.60459999999082, 101.08460000000045, 103.77609999997735, 106.66180000000602, 110.45240000000213, 117.67909999999567]], [[0.0, 0.0, 0.0, 0.0, 0.0, 0.0, 0.0, 0.0, 0.0, 0.0], [0.0, 0.0, 0.0, 0.0, 0.0, 0.0, 0.0, 0.0, 0.0, 0.0], [29.345099999994012, 33.369700000000016, 35.5903000000056, 37.43629999999212, 39.015499999993345, 40.58039999999939, 42.33980000000622, 44.21489999999809, 46.6622999999915, 51.443899999993874]]]

[[[46.83679999999752, 51.88140000000372, 54.642499999996524, 56.83360000000583, 58.83029999999989, 60.7748999999939, 62.82930000000261, 65.10059999999079, 68.14479999999172, 73.80909999999875], [82.80800000000686, 89.54509999999148, 93.15609999999882, 96.01920000000783, 98.62779999999006, 101.0898000000004, 103.73209999997849, 106.66120000000647, 110.43060000000284, 117.60919999999572]], [[0.0, 0.0, 0.0, 0.0, 0.0, 0.0, 0.0, 0.0, 0.0, 0.0], [29.29779999999401, 33.410400000000266, 35.62600000000547, 37.45979999999123, 39.089599999993474, 40.606899999999534, 42.37160000000628, 44.19269999999873, 46.65629999999152, 51.395499999993966]]]

[[[29.306299999993985, 33.3996000000002, 35.606500000005624, 37.4606999999912, 39.08239999999343, 40.61259999999957, 42.39110000000637, 44.214399999998236, 46.64649999999147, 51.391699999994394]]]

