38.76808000000028
39.37882999999938
38.189779999999516
33.63778000000001
35.13507999999969
39.55113000000039
38.20190999999986
34.641960000000225
39.7840499999994
36.112189999999764
58.21358000000041
56.77850999999973
50.98705999999994
48.08518999999999
51.812439999999846
58.36106999999948
55.77723000000046
50.116520000000314
54.522400000000346
50.745440000000364
64.08910999999888
61.04536999999986
53.97767999999966
50.99940999999964
56.58756000000001
66.16493000000003
59.031590000000115
55.289620000000156
57.91901999999999
53.27097000000007
59.82281999999971
61.56653999999943
53.989010000000114
49.17444999999965
52.97464000000035
55.78565999999969
58.828749999999914
50.42929000000001
56.27624999999996
48.73059999999991
80.45666000000004
79.68847999999937
68.06826000000002
62.74215000000008
70.51375999999976
73.42408999999911
77.60788000000036
67.35766000000076
73.42059999999925
67.85975000000103
86.8486999999999
83.78648000000018
71.88851999999984
68.12839999999957
75.29728999999818
75.22708000000033
81.40129000000002
72.53737999999882
77.88245000000147
70.00259000000011
