
====================================
5.0
2.0
0.0
1253
1203
1687
1669
719
750
2983
2205
874
984

====================================
5.0
2.0
1.0
1156
1177
1687
1659
719
781
2984
2203
917
1008

====================================
5.0
3.0
0.0
1158
1167
1758
1682
723
753
2986
2190
865
998

====================================
5.0
3.0
1.0
1162
1161
1675
1658
709
758
2977
2187
859
984

====================================
10.0
2.0
0.0
1141
1174
1672
1661
719
754
2983
2203
858
992

====================================
10.0
2.0
1.0
1153
1172
1671
1670
724
756
2993
2204
864
1003

====================================
10.0
3.0
0.0
1164
1170
1671
1654
718
766
2970
2203
864
984

====================================
10.0
3.0
1.0
1142
1171
1671
1660
703
765
2984
2203
877
995

====================================
20.0
2.0
0.0
1156
1162
1669
1670
714
764
2991
2227
861
996

====================================
20.0
2.0
1.0
1179
1177
1693
1681
723
766
2996
2196
859
1013

====================================
20.0
3.0
0.0
1141
1156
1688
1658
715
762
3017
2249
875
1000

====================================
20.0
3.0
1.0
1170
1168
1686
1672
706
766
2984
2202
874
984

