7.365899999999756
5.309384999999799
8.265439999996298
7.6828000000019445
6.422925000000115
4.589185000000054
7.11633333333341
8.547649999999631
6.632869999999596
8.055510000000712
7.3643099999997474
7.406780000000085
8.682920000001944
8.13355000000038
9.0
6.2950400000001325
7.117923333333413
8.554474999999652
7.3156100000001985
8.103090000000218
7.362659999999744
7.406780000000085
8.85982999999925
8.126785000000362
6.429870000000121
6.297480000000135
7.280556666666411
8.54803999999962
7.322780000000206
8.109690000000262
7.366139999999757
5.281240000000075
7.381139999994998
7.215759999998639
6.285580000000079
4.43733500000022
7.054913333331043
7.887800000002209
4.8108099999998
4.710186666666798
7.365869999999747
7.066130000000131
8.419370000003646
7.671940000001993
9.0
8.639280000003758
7.118993333333414
8.544469999999608
8.659940000002049
8.096850000000178
7.36127999999974
7.409370000000074
8.65496000000207
8.132440000000374
6.426375000000117
6.30172000000014
7.28048666666641
8.54239999999961
9.0
8.101440000000208
