
====================================
5.0
2.0
0.0
13002
48471
38972
19490
30636
19736
396190
79177
38371
38897

====================================
5.0
2.0
1.0
14120
57674
47359
25819
38109
24373
394871
87072
41073
41631

====================================
5.0
3.0
0.0
18005
48874
44552
24128
31634
18726
423492
115225
37356
37813

====================================
5.0
3.0
1.0
17902
53978
48435
26991
34601
21553
408774
100291
39999
42782

====================================
10.0
2.0
0.0
16270
60050
46686
24526
38696
22737
375395
95473
41794
43564

====================================
10.0
2.0
1.0
92191
78028
159514
146743
45758
54720
544977
253211
60121
76382

====================================
10.0
3.0
0.0
14541
16736
28288
21051
17285
42165
29224
30433
12615
15181

====================================
10.0
3.0
1.0
14148
16679
21288
20997
15500
54355
32256
30471
13311
13513

====================================
20.0
2.0
0.0
13781
24081
25077
20726
13103
134699
52783
25870
12555
26892

====================================
20.0
2.0
1.0
13312
22468
20660
20761
12219
128858
32261
30345
12760
26801

====================================
20.0
3.0
1.0
13604
16608
20727
20774
14769
52274
29051
30292
12661
13358

====================================
20.0
3.0
0.0
14216
16682
22859
21013
15589
54718
29616
30906
13163
13481
