
====================================
5.0
2.0
0.0
[11, 11, 9, 4, 4, -2]
[0, 3, 7, 11, 11, 7]
[14, 7, 15, 17, 2, 7]
[11, 8, 11, 12, 6, 9]
[3, 3, 3, 3, 3, 1]
[7, 8, 5, -1, 1, 4]
[47, 42, 16, 9, 14, -2]
[11, 20, 22, 22, 9, 10]
[4, 0, 6, 9, 2, 9]
[1, 7, 15, 13, 1, -2]

====================================
5.0
2.0
1.0
[11, 11, 9, 4, 2, -5]
[0, 3, 6, 10, 11, 3]
[14, 7, 15, 17, 2, 3]
[11, 8, 11, 12, 5, 5]
[3, 3, 3, 3, 3, -2]
[7, 8, 5, -1, 1, 0]
[47, 42, 16, 9, 12, -5]
[9, 19, 21, 21, 8, 6]
[4, 0, 6, 9, 1, 5]
[1, 7, 15, 13, 0, -5]

====================================
5.0
3.0
0.0
[12, 12, 9, 5, 4, -1]
[1, 4, 8, 11, 11, 8]
[15, 9, 16, 18, 3, 8]
[12, 9, 12, 12, 7, 10]
[4, 4, 4, 4, 4, 3]
[8, 9, 6, 0, 2, 5]
[49, 43, 17, 11, 15, -1]
[13, 22, 24, 23, 10, 11]
[4, 1, 7, 10, 3, 10]
[2, 9, 17, 14, 2, -1]

====================================
5.0
3.0
1.0
[12, 12, 9, 5, 3, -3]
[1, 4, 7, 11, 11, 5]
[15, 9, 16, 18, 3, 5]
[12, 9, 12, 12, 6, 7]
[4, 4, 4, 4, 4, 0]
[8, 9, 5, 0, 2, 2]
[49, 43, 17, 10, 14, -3]
[12, 21, 23, 22, 8, 8]
[4, 1, 7, 10, 2, 7]
[2, 9, 17, 14, 1, -3]

====================================
10.0
2.0
0.0
[11, 11, 9, 4, 2, -4]
[0, 3, 6, 10, 11, 5]
[14, 7, 15, 17, 2, 5]
[11, 8, 11, 12, 5, 7]
[3, 3, 3, 3, 3, -1]
[7, 8, 5, -1, 1, 1]
[47, 42, 16, 9, 13, -4]
[10, 20, 22, 21, 8, 8]
[4, 0, 6, 9, 1, 7]
[1, 7, 15, 13, 0, -4]

====================================
10.0
2.0
1.0
