
====================================
5.0
2.0
0.0
90.04562706508104
63.12712807171147
142.13263483337084
123.29173236172772
40.404993665416846
47.782184251937814
480.0476964365437
124.55357271266566
49.27365429984023
61.360359138712035

====================================
5.0
2.0
1.0
132.84353830158864
101.98764098892971
189.9850954413156
171.14354105438684
68.69452519124698
80.68507275097393
528.0476961093644
172.5035356485602
84.82919478678329
99.33302126201049

====================================
5.0
3.0
0.0
119.82842543194312
73.36665428742958
197.5483766703865
169.09300438389585
44.263255067528895
56.25672893127983
705.0635937546774
162.41401015116506
54.867303536220376
67.89662612829184

====================================
5.0
3.0
1.0
163.60193044271918
114.47952258436229
245.48246754018214
217.03203416842075
74.03074130374321
90.8425378450603
753.0635936565435
210.39675032760076
91.97248277746843
106.99880553710194

====================================
10.0
2.0
0.0
117.01302404268598
87.57159440481313
172.06642647479367
153.22671022631263
58.411370790498765
68.74064808234887
510.0476963206095
154.5332090150161
71.81184729990407
85.28044503495083

====================================
10.0
2.0
1.0
158.03731667417537
123.82973249152649
217.769507751175
198.9037283806072
84.81890401378149
99.11483723593095
556.0476954769576
200.3979841310237
103.92567260784989
122.03651084812164

====================================
10.0
3.0
0.0
147.31105710393243
99.28113808624637
227.51477541740994
199.0620685752078
63.09372470818305
78.13257438690913
735.0635937110923
192.40597422446496
78.24382725202564
92.46931327111812

====================================
10.0
3.0
1.0
190.28883734203572
139.3638807816318
275.3891406361889
246.94011683223823
91.66127206936098
111.29901055022286
783.0635934503343
240.3666721019487
114.30480835031086
130.7151493687007

====================================
20.0
2.0
0.0
167.64729312773642
131.6738785828729
227.7509616818525
208.87240555517673
90.94806160846557
106.14945462361281
566.0476954769549
210.38579549103125
110.79542656057242
130.89261291616575

====================================
20.0
2.0
1.0
205.63619422222192
162.20892942395582
267.5806738161143
248.56883766564482
114.28880933425766
133.00940774051492
606.0476954768459
250.2413286813176
136.79477510541025
165.5108218133348

====================================
20.0
3.0
0.0
200.8355077029634
149.15008792422643
287.3270128583151
258.87820662755223
98.50100015905572
119.16952983192044
795.063593283436
252.343984478832
122.93691347988907
140.0907073836827

====================================
20.0
3.0
1.0
240.97727410639945
184.40064595303775
331.0375527204593
302.5583334648241
124.58854957802221
148.8322094961711
839.0635924402269
296.20416906727206
153.32685792624218
176.57589656613015

====================================
5.0
2.0
0.0

====================================
5.0
2.0
0.0

====================================
5.0
2.0
1.0

====================================
5.0
3.0
0.0

====================================
5.0
3.0
1.0

====================================
10.0
2.0
0.0

====================================
10.0
2.0
1.0
