
====================================
5.0
2.0
0.0
47
1
34
18
2
0
18
18
17
16

====================================
5.0
2.0
1.0
15
1
2
1
1
0
17
18
16
23

====================================
5.0
3.0
0.0
12
12
2
1
1
0
17
28
18
20

====================================
5.0
3.0
1.0
11
11
16
15
8
8
32
18
17
16

====================================
10.0
2.0
0.0
15
2
1
2
7
7
33
27
20
30

====================================
10.0
2.0
1.0
11
1
2
1
8
0
17
26
20
16

====================================
10.0
3.0
0.0
10
11
15
15
1
0
17
17
17
16

====================================
10.0
3.0
1.0
16
1
1
1
1
16
32
20
17
20

====================================
20.0
2.0
0.0
11
11
14
3
7
7
32
26
19
20

====================================
20.0
2.0
1.0
16
1
16
16
8
8
32
26
17
16

====================================
20.0
3.0
0.0
15
2
1
16
9
7
34
18
17
15

====================================
20.0
3.0
1.0
15
11
15
15
3
15
16
17
17
16

====================================
5.0
2.0
0.0

====================================
5.0
2.0
0.0

====================================
5.0
2.0
1.0

====================================
5.0
3.0
0.0

====================================
5.0
3.0
1.0

====================================
10.0
2.0
0.0

====================================
10.0
2.0
1.0
