
====================================
5.0
2.0
0.0
[14, 13, 9, 4, 2, -2]
[0, 5, 8, 12, 11, 6]
[18, 10, 17, 17, 2, 6]
[15, 11, 14, 13, 6, 8]
[3, 3, 3, 3, 3, 1]
[8, 9, 3, -1, 1, 3]
[53, 47, 18, 9, 12, -2]
[12, 22, 25, 24, 9, 9]
[3, 1, 7, 8, 2, 8]
[3, 9, 17, 12, 0, -2]

====================================
5.0
2.0
1.0
[14, 13, 9, 4, 1, -5]
[0, 5, 7, 11, 10, 2]
[17, 9, 16, 16, 2, 2]
[15, 10, 13, 12, 5, 4]
[3, 3, 3, 3, 2, -2]
[8, 9, 3, -1, 1, -1]
[52, 46, 17, 8, 11, -5]
[10, 20, 23, 23, 7, 5]
[3, 1, 7, 8, 1, 4]
[3, 9, 16, 11, -1, -5]

====================================
5.0
3.0
0.0
[16, 14, 10, 5, 3, -1]
[1, 7, 10, 14, 12, 7]
[20, 13, 19, 18, 3, 7]
[18, 13, 16, 14, 8, 9]
[4, 4, 4, 4, 4, 2]
[9, 10, 4, 0, 2, 4]
[56, 49, 19, 11, 13, -1]
[16, 26, 27, 26, 10, 10]
[4, 2, 8, 9, 3, 9]
[5, 11, 18, 13, 1, -1]

====================================
5.0
3.0
1.0
[16, 14, 10, 5, 2, -3]
[1, 6, 9, 13, 12, 5]
[19, 12, 18, 18, 3, 5]
[17, 13, 15, 14, 6, 7]
[4, 4, 4, 4, 3, 0]
[9, 10, 4, 0, 2, 2]
[55, 49, 19, 10, 12, -3]
[15, 24, 26, 25, 9, 8]
[4, 2, 8, 9, 2, 7]
[5, 11, 18, 12, 1, -3]

====================================
10.0
2.0
0.0
[14, 13, 9, 4, 2, -4]
[0, 5, 8, 11, 10, 4]
[17, 10, 16, 17, 2, 4]
[15, 11, 13, 12, 5, 6]
[3, 3, 3, 3, 3, -1]
[8, 9, 3, -1, 1, 1]
[52, 46, 17, 9, 11, -4]
[11, 21, 24, 23, 8, 7]
[3, 1, 7, 8, 1, 6]
[3, 9, 17, 11, 0, -4]

====================================
10.0
2.0
1.0
[14, 13, 9, 4, 0, -100]
[0, 4, 7, 10, 9, -100]
[17, 9, 16, 16, 1, -100]
[14, 10, 12, 12, 4, -100]
[3, 3, 3, 3, 1, -100]
[8, 9, 3, -1, 0, -100]
[51, 45, 17, 7, 10, -100]
[8, 19, 22, 22, 6, -100]
[3, 1, 7, 8, 0, -100]
[3, 9, 16, 11, -1, -100]

====================================
10.0
3.0
0.0
[16, 14, 10, 5, 3, -2]
[1, 6, 10, 13, 12, 6]
[20, 12, 18, 18, 3, 6]
[17, 13, 15, 14, 7, 8]
[4, 4, 4, 4, 4, 1]
[9, 10, 4, 0, 2, 3]
[55, 49, 19, 10, 13, -2]
[15, 25, 27, 25, 9, 9]
[4, 2, 8, 9, 2, 8]
[5, 11, 18, 12, 1, -2]

====================================
10.0
3.0
1.0
[16, 14, 10, 5, 2, -4]
[1, 6, 9, 12, 11, 3]
[19, 12, 18, 18, 3, 3]
[17, 12, 14, 13, 6, 5]
[4, 4, 4, 4, 3, -1]
[9, 10, 4, 0, 1, 0]
[55, 48, 19, 10, 12, -4]
[14, 23, 26, 24, 8, 6]
[4, 2, 8, 9, 2, 5]
[5, 11, 18, 12, 0, -4]

====================================
20.0
2.0
0.0
[14, 13, 9, 4, 0, -100]
[0, 4, 7, 10, 8, -100]
[16, 8, 15, 16, 0, -100]
[14, 10, 12, 12, 3, -100]
[3, 3, 3, 3, 1, -100]
[8, 8, 3, -1, -1, -100]
[51, 45, 16, 7, 9, -100]
[7, 18, 22, 22, 5, -100]
[3, 1, 6, 8, -1, -100]
[3, 9, 16, 11, -2, -100]

====================================
20.0
2.0
1.0
[14, 13, 8, 3, -2, -100]
[0, 4, 6, 8, 4, -100]
[16, 7, 14, 15, -3, -100]
[13, 9, 11, 11, 0, -100]
[3, 3, 3, 2, -2, -100]
[8, 8, 3, -2, -3, -100]
[49, 44, 16, 5, 6, -100]
[4, 15, 20, 20, 2, -100]
[3, 0, 6, 7, -3, -100]
[2, 8, 15, 10, -4, -100]

====================================
20.0
3.0
0.0
[16, 14, 10, 5, 2, -5]
[1, 6, 9, 12, 11, 2]
[19, 12, 18, 18, 3, 2]
[16, 12, 14, 13, 6, 4]
[4, 4, 4, 4, 3, -2]
[9, 10, 4, 0, 1, -1]
[55, 48, 19, 9, 11, -5]
[14, 23, 25, 24, 8, 5]
[4, 1, 8, 9, 2, 4]
[5, 11, 18, 12, 0, -5]

====================================
20.0
3.0
1.0
[16, 14, 10, 4, 1, -100]
[1, 5, 8, 11, 9, -100]
[18, 11, 17, 17, 1, -100]
[16, 12, 14, 13, 5, -100]
[4, 4, 4, 4, 2, -100]
[9, 9, 4, -1, 0, -100]
[54, 47, 18, 8, 10, -100]
[12, 22, 24, 23, 7, -100]
[4, 1, 8, 9, 0, -100]
[4, 11, 18, 11, -1, -100]

