
====================================
5.0
3.0
0.0
15

====================================
5.0
3.0
0.0
16

====================================
5.0
3.0
0.0
0

====================================
5.0
3.0
0.0
0

====================================
5.0
3.0
0.0
31

====================================
5.0
3.0
0.0
0

====================================
5.0
3.0
0.0
0

====================================
5.0
3.0
0.0
0

====================================
5.0
3.0
0.0
0

====================================
5.0
3.0
0.0
0

====================================
10.0
5.0
0.0
0

====================================
10.0
5.0
0.0
15

====================================
10.0
5.0
0.0
0

====================================
10.0
5.0
0.0
0

====================================
10.0
5.0
0.0
0

====================================
10.0
5.0
0.0
0

====================================
10.0
5.0
0.0
0

====================================
10.0
5.0
0.0
0

====================================
10.0
5.0
0.0
0

====================================
10.0
5.0
0.0
0

====================================
10.0
7.0
0.0
0

====================================
10.0
7.0
0.0
0

====================================
10.0
7.0
0.0
0

====================================
10.0
7.0
0.0
0

====================================
10.0
7.0
0.0
0

====================================
10.0
7.0
0.0
0

====================================
10.0
7.0
0.0
0

====================================
10.0
7.0
0.0
0

====================================
10.0
7.0
0.0
0

====================================
10.0
7.0
0.0
15

====================================
5.0
3.0
1.0
0

====================================
5.0
3.0
1.0
0

====================================
5.0
3.0
1.0
0

====================================
5.0
3.0
1.0
16

====================================
5.0
3.0
1.0
0

====================================
5.0
3.0
1.0
0

====================================
5.0
3.0
1.0
0

====================================
5.0
3.0
1.0
16

====================================
5.0
3.0
1.0
0

====================================
5.0
3.0
1.0
0

====================================
10.0
5.0
1.0
0

====================================
10.0
5.0
1.0
15

====================================
10.0
5.0
1.0
0

====================================
10.0
5.0
1.0
0

====================================
10.0
5.0
1.0
0

====================================
10.0
5.0
1.0
0

====================================
10.0
5.0
1.0
0

====================================
10.0
5.0
1.0
0

====================================
10.0
5.0
1.0
0

====================================
10.0
5.0
1.0
0

====================================
10.0
7.0
1.0
0

====================================
10.0
7.0
1.0
0

====================================
10.0
7.0
1.0
0

====================================
10.0
7.0
1.0
0

====================================
10.0
7.0
1.0
0

====================================
10.0
7.0
1.0
0

====================================
10.0
7.0
1.0
16

====================================
10.0
7.0
1.0
0

====================================
10.0
7.0
1.0
0

====================================
10.0
7.0
1.0
0
