36.33297372452616
34.76548930923837
28.977272402927063
29.72703481488044
33.51831437117939
33.37147234141094
33.737626145098595
27.65796462055243
31.802690621394014
30.65021972119069
55.95713861707765
52.70277654957436
44.07569446714114
44.78483482209531
49.93432170424928
51.36073909447874
52.20032149669353
41.93018710021716
48.70310417015154
46.77106206613911
60.1544383577427
55.21927476918016
46.334541119187804
47.27846053840559
52.43214598474455
53.81826457052901
54.53130447828342
44.929643716167014
51.47155396729238
49.09450310860128
57.362615666292854
55.84003940303674
41.48465335427378
44.29113188497965
51.093493726236126
50.03489528015151
54.2228678515482
40.677162363506945
46.74598998267966
45.32982399446564
77.4928221047004
74.39196027349642
57.22332822608186
59.928541426355395
68.15346533316607
68.58082781522735
73.12704465233968
55.4523219195389
64.17649719909163
62.11821921585922
82.3660759086838
77.45778299188602
60.15559265827302
63.005408090133436
71.3147541981277
71.9397633722165
75.73898542326306
58.88144613086539
67.75493636628687
64.95533543573629
