nbmonths = 4;
fc=100;
h=1;
p=10;
meandemand = [20,40,60,40];

//int[] LCY1 = {11,17,26,38,53,71,92,115,138,159,175,186,190,186,175,159,138,115,92,71,53,38,26,17,11};
//int[] LCY2 = {23,32,42,55,70,86,103,120,136,150,161,168,170,168,161,150,136,120,103,86,70,55,42,32,23};
//int[] SIN1 = {130,150,127,76,27,10,36,88,136,149,121,68,22,11,42,96,140,148,114,60,18,14,50,104,144};
//int[] SIN2 = {122,130,120,98,77,70,81,103,124,130,118,95,75,71,84,107,126,129,115,91,73,72,87,110,127};
//int[] STA = {100,100,100,100,100,100,100,100,100,100,100,100,100,100,100,100,100,100,100,100,100,100,100,100,100};
//int[] RAND = {178,178,136,211,119,165,47,100,62,31,43,199,172,96,69,8,29,135,97,70,248,57,11,94,13};
//int[] EMP1 = {2,51,152,467,268,489,446,248,281,363,155,293,220,93,107,234,124,184,223,101,123,99,31,82,0};
//int[] EMP2 = {47,81,236,394,164,287,508,391,754,694,261,195,320,111,191,160,55,84,58,0,0,0,0,0,0};
//int[] EMP3 = {44,116,264,144,146,198,74,183,204,114,165,318,119,482,534,136,260,299,76,218,323,102,174,284,0};
//int[] EMP4 = {49,188,64,279,453,224,223,517,291,547,646,224,215,440,116,185,211,26,55,0,0,0,0,0,0};

nbpartitions = 5;
prob = [0.2, 0.2, 0.2, 0.2, 0.2];
lamda_matrix = [[[13.948350000006128, 17.508049999995123, 19.86609999999967, 22.24055000000901, 26.43394999999897], 
				 [49.37684999998984, 55.8431499999876, 59.8867000000041, 63.9913500000014, 70.97184999999477], [104.80970000002443, 114.00739999996269, 119.78200000001358, 125.62895000006205, 135.38660000000542], [142.58065000002617, 153.21235000002602, 159.87279999996434, 166.68545000000427, 177.9361500000049]], [[0.0, 0.0, 0.0, 0.0, 0.0], [31.353849999985716, 36.52595000000441, 39.80544999998368, 43.23755000000945, 49.02779999999526], [86.2262500000075, 94.60554999996, 99.82020000001279, 105.18770000000119, 114.12735000000347], [123.54565000003983, 133.55459999995554, 139.85725000000343, 146.16610000003055, 156.76875000001888]], [[0.0, 0.0, 0.0, 0.0, 0.0], [0.0, 0.0, 0.0, 0.0, 0.0], [49.37259999998974, 55.77734999998851, 59.805700000004286, 63.94955000000142, 71.0048999999949], [86.23485000000723, 94.61019999996034, 99.86530000001241, 105.18655000000123, 114.139500000004]], [[0.0, 0.0, 0.0, 0.0, 0.0], [0.0, 0.0, 0.0, 0.0, 0.0], [0.0, 0.0, 0.0, 0.0, 0.0], [31.323799999985802, 36.521750000004594, 39.79884999998372, 43.21740000000942, 48.98949999999498]]];
