
====================================
instance 1

====================================
6225.733944928752
8569.621038986228
6489.765546561495
8919.484585077867
6683.424829795245
9213.364192424495
8979.861439429991
11254.816111791179
9372.634402016127
11766.12044843068
9679.025236483532
12129.399815608675
10997.273147723114
13231.032988857656
11574.313575569937
13934.806860806651
11936.984277192254
14360.864100942155
6603.631127118096
9007.249613060745
7027.478011307631
9600.297008633224
7342.562149469846
10057.825566814825
9338.895487468619
11640.723013396728
9955.630725801682
12414.126828795057
10462.205404831539
13013.182592054847
11353.65278172804
13556.892576888888
12188.425240349992
14592.555716780633
12828.116406986579
15321.512066413314
6980.020881091706
9398.168766161552
7556.437146516055
10249.212231447686
8013.29716518862
10914.996151971272
9733.04311886493
11969.277953466306
10557.944489904705
13075.966272188303
11256.922567686115
13912.32958768087
11773.506026469267
13995.258964117278
12828.320183686885
15287.79968587777
13695.266802176993
16279.675750237151

====================================
instance 2

====================================
6615.7157794131645
9044.77673015576
6875.699130999721
9400.60723152939
7046.812878753929
9674.894810653674
9537.088232082508
11909.588499170975
9930.69696472902
12413.408027390862
10197.935027863317
12755.282700191776
11719.06909644855
13973.604892408192
12245.023901516748
14698.159305725787
12639.335458426738
15155.565351831578
6972.59183543421
9418.945140273288
7417.307921843592
10067.079682636451
7732.37263678817
10511.835327905164
9846.75060326251
12171.550416451955
10488.205226738195
13032.335793589515
10983.09240816034
13663.044610101348
11987.126664491516
14225.548314534954
12821.740630261427
15284.862995638281
13479.097755766685
16140.728508907981
7346.861962183998
9832.45511595839
7957.394979236979
10709.335966734723
8427.87381306001
11483.508851290037
10205.790171689494
12550.464129744027
11067.34740420508
13674.94209940371
11722.093490651603
14523.369097104156
12365.166364004876
14623.507016668957
13431.224818192144
15927.868456795775
14264.992028584336
17037.09953162564

====================================
instance 3

====================================
5763.644473710689
7826.460946001854
6003.402275397528
8144.8026537636915
6196.915195031275
8406.568365508025
8210.563208541442
10110.461817264035
8611.129360335823
10705.25382852177
8877.794626935547
11024.74599428234
10040.049215673791
11812.059018476122
10611.21545301523
12705.116541347092
10877.438400047617
13024.800081906229
6171.256650512894
8300.232472057072
6548.066978225163
8783.923846727464
6895.3229134592275
9237.565190545967
8574.8085368206
10523.830048741425
9263.364942335487
11341.47558288045
9787.75163758661
11999.43489752042
10294.399324379252
12101.782818444515
11262.810184931437
13341.166217883838
11787.109135625838
13999.502255578012
6619.041800907664
8754.777293973295
7124.965058368906
9428.884921930665
7583.830860951957
10062.037482780263
9114.220381805495
11107.110664649857
9939.158539351865
12090.507289929204
10707.223098571742
13088.310318143167
10709.145130670764
12542.42707753464
11845.594083539678
13861.67801664658
12691.225635552883
14999.061649956348

====================================
instance 4

====================================
7002.156568984765
9484.916274304918
7226.672634538334
9838.206262507125
7397.454233157656
10065.543297850822
10146.901972898238
12537.885472475777
10496.729135179306
13073.529767301592
10724.74911442653
13348.202598877222
12360.584118258716
14584.311374443616
12883.077879457447
15394.779929254915
13208.011628862727
15794.98945069786
7332.4604525853365
9797.525742386657
7767.713820827237
10455.086806974301
8108.60907267452
10909.761232493593
10412.91135898519
12799.55384975032
11028.3173162647
13607.989369436802
11485.876138287276
14198.269255758894
12612.946993750744
14845.758622330417
13389.542673793378
15907.460044545205
13986.071298451332
16644.9491269204
7691.311493202158
10182.486964895415
8315.162771371208
11078.756591383972
8822.409925882883
11756.625247682072
10778.370160592149
13177.718559535837
11617.906767582572
14245.799670105955
12253.77873756474
15136.278541206451
12968.534795561276
15194.495054449104
13996.623420208183
16543.37556090612
14824.048076263998
17620.744222461748

====================================
instance 5

====================================
7038.342751808638
9524.876256157155
7228.585940605651
9803.098658656467
7395.607684304553
10025.481108962063
10167.9044346909
12565.356028683387
10488.349594366513
13007.775523447865
10719.556324705589
13323.162782255298
12507.195758236514
14684.460272015405
12988.482539677589
15507.820348400657
13240.08917009567
15799.003570422663
7377.630645101467
9850.483781759458
7757.070377779763
10405.80774637532
8090.765115396263
10850.237292871263
10373.017189380995
12667.731371744369
10978.968175049002
13517.447807854123
11438.756653823511
14145.878107546985
12670.594623431723
14876.66609436135
13479.11425903998
16017.624006805581
13980.919332693615
16598.413482982665
7732.347984807429
10195.07907671704
8287.507204642357
11011.03986459177
8787.772234335616
11675.794324879535
10687.902744350677
13011.233212752886
11505.036393112243
14062.730984941725
12165.606832792984
14975.606675155972
12994.315768416764
15188.212398018806
14005.682832255785
16563.080660948945
14745.357567024088
17421.96917372309

====================================
instance 6

====================================
6090.8857168341965
8639.501111580397
6355.78637569511
8990.382446834778
6586.2740784472
9285.9729516526
8943.7494951396
11464.693457676784
9273.208543758183
11879.43629598619
9559.439066989124
12236.992072726125
11163.68808650165
13677.927550079621
11545.539007321719
14133.629047919832
11874.060182262594
14526.986725256833
6656.41682464133
9242.518412077667
7107.2011849417495
9867.54946473785
7500.010616968248
10390.647259536554
9556.76037707782
12128.61585185863
10129.323538800663
12824.67622578937
10584.183016414958
13432.197879410698
11704.728682283905
14138.631328106001
12432.598193728436
15094.108917128646
13008.314371010185
15767.140469052925
7218.923661414898
9889.764938768025
7843.543285883591
10782.961899704347
8374.863934184346
11530.540266839345
10189.87434828125
12757.237427060778
10997.269981287367
13816.457434724236
11633.891516006957
14639.515158093911
12291.520067867436
14765.438507944287
13277.284340410046
15957.72973507633
14131.834828576879
16988.892599372644

====================================
instance 7

====================================
8266.002537380498
13203.235227625257
8599.417924327496
13706.559386864485
8905.817541171233
14197.682209709119
12023.42110954435
16780.869456438497
12613.86025715237
17628.51898317493
12991.429336405927
18126.692784187187
15023.442005054138
19799.476744922264
15729.438405862706
20658.110606701783
16490.9923061482
21626.285377545366
9068.649452377262
14158.048835843314
9697.04441912066
15195.834687814258
10275.734352400159
16084.356643189858
12820.035562040977
17623.378590785796
13799.224047971735
18994.595130872924
14523.929334074448
19959.748601299427
15820.163028951354
20599.70236441611
16917.09016388574
21991.366637831103
18023.28057225771
23459.977548494175
9937.25847895804
15195.317580296785
10828.31827440137
16801.973162387185
11603.69981696966
17929.028100991538
13756.365964652861
18650.949930066527
15082.817456085264
20581.035683528407
16119.771595321597
21861.13503053638
16755.089015577272
21680.453269274818
18205.291532184634
23548.943738500697
19619.790367203954
25362.453621481254

====================================
instance 8

====================================
7501.706620849431
12629.451381840832
7888.448373630391
13322.197890064372
8140.090809726961
13699.696142950263
11116.11861355526
16171.994682741444
11578.247166414003
16853.48642686862
11920.330164943392
17310.97826458091
13780.394367066752
18651.51807913281
14675.192194360125
19867.49291004215
15057.237985018784
20380.542942204218
8422.834759384554
13921.896358233003
9027.890933091961
14980.307540838334
9516.145682680177
15647.762618667068
12115.612232686468
17336.65998260311
12952.145603165845
18553.145246129483
13630.817730038867
19422.05937113117
14876.79655913316
19782.56852382804
16174.157727481492
21622.454394906617
16901.78181175913
22541.671583074196
9341.14819752922
15118.691216345986
10175.544055956569
16608.79509239726
10914.025385303823
17753.7796513047
13141.644739760535
18470.000931416955
14308.895826413342
20239.69095761135
15270.891670025881
21503.46780320948
15921.527141728986
20943.663301051736
17601.00298794855
23311.809674636137
18665.016567966286
24735.483685159004

====================================
instance 9

====================================
8792.513210326442
13894.659208674118
9124.440597128149
14382.419212221874
9430.066286866882
14819.71913447001
12985.377403530787
17973.905063745682
13583.592653417929
18694.578284842082
14025.861681933977
19306.47959193618
16215.475834416762
21099.80323776066
16935.48171629705
22019.297464789273
17614.962346401444
22839.989730627152
9683.057315428736
14910.184878545968
10331.437367372562
15923.723579041598
10899.13004030772
16818.697077723875
13899.714854584465
18957.267739873092
14847.942097165616
20250.82322260889
15618.389680420727
21258.028060375746
17049.63925828694
21941.145616341237
18214.733562120113
23508.409615219036
19312.692421334334
24822.799395900114
10648.313951289663
16042.954189233129
11585.13723230334
17501.58386071366
12364.563549369
18922.674791642417
14932.370156641413
20100.008367326176
16190.20510197719
21926.246384689588
17307.292311247078
23411.488787083308
18016.32011395811
22995.25311066827
19565.254645941062
25094.767765657754
21070.117503913363
26955.765880789866

====================================
instance 10

====================================
7542.399241903154
12597.339935468388
7937.620032664821
13285.483626463221
8224.529079085401
13719.882734007364
11083.840712521926
16043.79328731859
11729.611930737385
16905.828684657023
12156.246810927523
17493.02301663239
13893.008813540126
18844.34568025629
14691.019645859857
19794.239969096165
15200.257595733505
20485.643374660496
8501.854781610564
13773.131023053456
9083.797885972403
14973.246927743936
9558.469724252454
15651.178423644398
12106.851954283047
17253.275081452688
13121.533068099709
18571.64446157537
13930.372793646833
19650.373565493515
15156.667783331117
20122.38915012088
16265.838362621402
21538.556771689684
17122.356053573494
22739.05144090242
9403.712347992614
15048.482893888757
10187.80242463583
16568.767521391164
10883.844793534643
17539.272279123357
13172.291140792215
18356.87119484442
14490.427682086887
20248.885011915314
15608.565948616826
21813.259450101385
16215.712370585017
21115.709907155775
17658.51466952405
23151.06595225775
18890.123647697586
24667.75882669387
