[6221.934223576562, 0.0, 7047.051121055521, 44.91, 0.0, 59.59]
[8565.242721481862, 0.0, 9417.541811721792, 27.556, 0.0, 56.688]
[6485.932279594957, 0.0, 7526.2910062160545, 27.541, 0.0, 74.547]
[8838.775875753243, 0.0, 9923.218570049092, 41.273, 0.0, 74.383]
[6664.171350568935, 0.0, 7871.493096080599, 48.817, 0.0, 74.405]
[9023.551911924595, 0.0, 10295.455304818175, 48.813, 0.0, 74.478]
[9166.347646803313, 0.0, 9712.35863851344, 48.769, 0.0, 74.879]
[11505.892681840947, 0.0, 12063.945003631361, 48.816, 0.0, 75.338]
[9623.143661657155, 0.0, 10415.02257784618, 49.16, 0.0, 80.929]
[11976.29438288966, 0.0, 12796.92434383193, 53.582, 0.0, 82.751]
[9912.187689249777, 0.0, 10935.924270380207, 52.825, 0.0, 80.31]
[12274.120097641913, 0.0, 13350.482845603132, 51.223, 0.0, 78.178]
[11668.231782289467, 0.0, 12216.923137564832, 50.933, 0.0, 78.355]
[14007.394250051864, 0.0, 14564.597205809774, 50.737, 0.0, 78.257]
[12258.7106250258, 0.0, 12922.86417999895, 51.518, 0.0, 78.92]
[14610.819422355105, 0.0, 15307.067200433323, 51.707, 0.0, 79.897]
[12726.884353810641, 0.0, 13459.242250294732, 51.157, 0.0, 78.568]
[15089.021471910668, 0.0, 15865.468048418968, 50.616, 0.0, 78.406]
[6537.994262642563, 0.0, 7350.399244020785, 68.953, 0.0, 107.21]
[8884.836622192575, 0.0, 9755.28709138514, 69.078, 0.0, 105.818]
[6931.852285513739, 0.0, 7914.2036656392875, 69.279, 0.0, 106.09]
[9290.154062724612, 0.0, 10355.11815597016, 69.139, 0.0, 105.49]
[7213.764257883062, 0.0, 8318.718375119433, 69.367, 0.0, 105.997]
[9578.75348095277, 0.0, 10788.253732203548, 69.089, 0.0, 117.772]
[9451.110692792552, 0.0, 10130.775047165598, 89.809, 0.0, 147.716]
[11793.270492000685, 0.0, 12526.438726715907, 89.861, 0.0, 153.127]
[10049.06902431853, 0.0, 10941.095043109186, 95.455, 0.0, 154.915]
[12409.507940745842, 0.0, 13389.270798567968, 96.561, 0.0, 154.226]
[10442.026868761652, 0.0, 11545.517607098853, 98.065, 0.0, 156.579]
[12812.780414571062, 0.0, 14031.693564358395, 96.477, 0.0, 121.351]
[11998.243069300424, 0.0, 12658.184402121082, 68.405, 0.0, 102.074]
[14337.6816526409, 0.0, 15049.263439211407, 66.688, 0.0, 103.535]
[12712.056944836497, 0.0, 13497.283957588623, 80.051, 0.0, 142.589]
[15071.53460280617, 0.0, 15939.42307050196, 84.399, 0.0, 112.289]
[13278.882098670254, 0.0, 14125.89169661534, 67.529, 0.0, 102.898]
[15647.05247391735, 0.0, 16603.061604325714, 67.109, 0.0, 103.101]
[6745.367361204845, 0.0, 7504.641776945522, 84.433, 0.0, 131.066]
[9096.394945214199, 0.0, 9919.785949552297, 86.26, 0.0, 131.718]
[7237.259123709665, 0.0, 8135.7738116166765, 86.288, 0.0, 131.261]
[9600.070788541472, 0.0, 10589.496995105443, 86.682, 0.0, 131.264]
[7607.117194141, 0.0, 8618.062930310045, 86.617, 0.0, 131.921]
[9977.019354466098, 0.0, 11095.951104842985, 86.352, 0.0, 131.228]
[9661.949463633644, 0.0, 10420.999085242112, 86.432, 0.0, 131.718]
[12010.559116907069, 0.0, 12849.386326365055, 86.338, 0.0, 131.782]
[10322.702683219011, 0.0, 11313.551277853401, 86.322, 0.0, 131.815]
[12688.647181363358, 0.0, 13800.166660656798, 86.402, 0.0, 131.521]
[10820.190613590774, 0.0, 12002.114519674718, 86.352, 0.0, 131.706]
[13197.098133406324, 0.0, 14512.883732560074, 86.37, 0.0, 131.817]
[12263.869293808084, 0.0, 12949.205556430035, 86.761, 0.0, 131.341]
[14609.448886494849, 0.0, 15372.740950439409, 86.944, 0.0, 131.375]
[13065.288087492132, 0.0, 13893.407645399222, 86.495, 0.0, 132.779]
[15432.925103199712, 0.0, 16374.630695890379, 86.886, 0.0, 130.592]
[13614.22173558046, 0.0, 14614.65351652534, 84.195, 0.0, 127.82]
[15994.610103445191, 0.0, 17135.50478313796, 84.042, 0.0, 127.745]

====================================

====================================
[6611.651377988651, 0.0, 7218.617727421433, 49.539, 0.0, 62.115]
[9060.137178768471, 0.0, 9677.196099557363, 29.705, 0.0, 79.983]
[6877.5054942037, 0.0, 7758.695729250985, 29.224, 0.0, 61.484]
[9338.221662846885, 0.0, 10250.967839493656, 29.469, 0.0, 79.411]
[7031.762037987445, 0.0, 8063.183768661193, 29.234, 0.0, 78.76]
[9500.557074151404, 0.0, 10594.592118643335, 29.41, 0.0, 79.718]
[9722.25392389616, 0.0, 9980.938478606651, 31.194, 0.0, 91.666]
[12166.458137253328, 0.0, 12435.510072720368, 35.679, 0.0, 95.336]
[10069.702716032454, 0.0, 10731.880893392836, 58.107, 0.0, 92.195]
[12529.554698985163, 0.0, 13219.887476018223, 57.588, 0.0, 86.272]
[10262.294832610552, 0.0, 11208.590399143857, 57.87, 0.0, 85.961]
[12731.77768788318, 0.0, 13722.470698039764, 69.362, 0.0, 97.417]
[12266.598161081836, 0.0, 12481.355494578715, 69.095, 0.0, 107.254]
[14704.506987935416, 0.0, 14935.64385774388, 64.604, 0.0, 101.003]
[12966.568081255877, 0.0, 13235.189385304273, 57.088, 0.0, 81.829]
[15419.565435544353, 0.0, 15721.825415910718, 49.722, 0.0, 78.714]
[13262.883089756597, 0.0, 13821.714352575273, 50.286, 0.0, 78.78]
[15732.434136018966, 0.0, 16331.378330353566, 49.644, 0.0, 81.394]
[6908.016213265378, 0.0, 7533.384802985041, 68.419, 0.0, 105.616]
[9359.055841944266, 0.0, 10034.790346144058, 67.857, 0.0, 110.279]
[7317.475393370042, 0.0, 8059.275032575399, 67.499, 0.0, 105.049]
[9783.658585891237, 0.0, 10608.771956772951, 67.313, 0.0, 105.157]
[7587.812378387396, 0.0, 8423.317769407353, 67.296, 0.0, 105.296]
[10063.790898808385, 0.0, 10992.01078393052, 67.406, 0.0, 105.395]
[9986.294303699806, 0.0, 10429.280449009528, 67.282, 0.0, 105.335]
[12430.230582141887, 0.0, 12919.13182066545, 67.171, 0.0, 105.479]
[10512.353630627373, 0.0, 11252.726001143672, 67.265, 0.0, 105.44]
[12978.748875011315, 0.0, 13798.370031614135, 67.297, 0.0, 105.437]
[10832.551067380811, 0.0, 11803.09838776839, 67.277, 0.0, 105.001]
[13312.182438123144, 0.0, 14383.639411301427, 67.249, 0.0, 105.329]
[12580.637181924658, 0.0, 12949.895029543884, 67.312, 0.0, 105.101]
[15017.333674921601, 0.0, 15435.497516988486, 67.264, 0.0, 105.326]
[13353.881852845987, 0.0, 13798.370031614135, 67.327, 0.0, 105.294]
[15811.672182367163, 0.0, 16333.133974261129, 67.281, 0.0, 105.458]
[13841.05477325049, 0.0, 14472.45707569619, 67.311, 0.0, 105.374]
[16321.592581157878, 0.0, 17048.335202274582, 67.248, 0.0, 105.419]
[7108.093026948847, 0.0, 7696.481659234297, 85.039, 0.0, 132.26]
[9563.565195092975, 0.0, 10212.068747901767, 85.089, 0.0, 131.689]
[7622.472093577143, 0.0, 8287.681748148076, 85.137, 0.0, 131.94]
[10094.248722469938, 0.0, 10842.126123442102, 85.025, 0.0, 131.889]
[7987.664431597284, 0.0, 8717.34751038569, 85.043, 0.0, 132.085]
[10469.807454941101, 0.0, 11295.857991222421, 85.119, 0.0, 132.262]
[10138.615441318909, 0.0, 10721.235723155369, 85.055, 0.0, 132.188]
[12586.95278148694, 0.0, 13242.765009997362, 85.072, 0.0, 132.247]
[10798.688750830155, 0.0, 11596.663450103697, 85.086, 0.0, 132.293]
[13270.936204138865, 0.0, 14173.455933496276, 85.087, 0.0, 133.072]
[11239.434031267368, 0.0, 12198.853854366535, 85.151, 0.0, 132.708]
[13727.08363381419, 0.0, 14808.308209189494, 85.118, 0.0, 132.611]
[12810.505934781908, 0.0, 13257.024872650718, 85.23, 0.0, 132.207]
[15252.040739757682, 0.0, 15768.509218243591, 85.29, 0.0, 132.041]
[13594.75200975384, 0.0, 14187.57198757864, 85.182, 0.0, 132.319]
[16063.825262411588, 0.0, 16760.700733146234, 85.213, 0.0, 132.393]
[14160.267901815365, 0.0, 14907.106074801784, 85.195, 0.0, 132.596]
[16647.199187990776, 0.0, 17527.443468467925, 85.167, 0.0, 132.531]

====================================

====================================
[5752.364671456563, 0.0, 6251.984550340147, 41.6, 0.0, 66.389]
[7835.921760834502, 0.0, 8333.605396600082, 41.614, 0.0, 66.541]
[5965.923030759551, 0.0, 6534.931994062696, 41.631, 0.0, 66.476]
[8059.082690241021, 0.0, 8642.400660509566, 41.614, 0.0, 65.916]
[6112.385782519047, 0.0, 6734.32408821821, 41.663, 0.0, 66.107]
[8213.42810027037, 0.0, 8861.344398883404, 41.633, 0.0, 65.93]
[8655.007096518279, 0.0, 9563.238532131478, 41.646, 0.0, 66.259]
[10733.735483491744, 0.0, 11528.957545527941, 41.693, 0.0, 66.279]
[9001.801200551576, 0.0, 10036.732024168488, 41.678, 0.0, 66.315]
[11092.68991607881, 0.0, 12142.500262372565, 41.649, 0.0, 66.329]
[9213.708577090292, 0.0, 10250.753774480349, 41.742, 0.0, 66.987]
[11313.5190437116, 0.0, 12373.721578607781, 41.786, 0.0, 66.421]
[11153.906025586777, 0.0, 11689.755997654294, 41.614, 0.0, 66.466]
[13212.840174427225, 0.0, 13630.977002381947, 41.6, 0.0, 65.892]
[11512.794924671965, 0.0, 12609.53176625074, 41.645, 0.0, 66.098]
[13602.70812361104, 0.0, 14612.81788343357, 41.617, 0.0, 66.064]
[11757.745180693668, 0.0, 13016.007285853175, 41.756, 0.0, 66.26]
[13856.24367380499, 0.0, 15122.558039651896, 41.71, 0.0, 66.214]
[6081.889092175355, 0.0, 6579.784643008292, 56.878, 0.0, 89.484]
[8166.554257638346, 0.0, 8657.544145483926, 56.768, 0.0, 89.475]
[6358.365816578703, 0.0, 6952.876906097571, 56.674, 0.0, 89.45]
[8462.933390722332, 0.0, 9090.534476884744, 56.688, 0.0, 89.486]
[6563.929269868684, 0.0, 7240.245831111449, 56.642, 0.0, 89.017]
[8684.46623840927, 0.0, 9416.321253309114, 56.705, 0.0, 89.056]
[8933.676493259383, 0.0, 9719.95510386923, 56.784, 0.0, 89.157]
[10986.827911292845, 0.0, 11743.555847111838, 56.674, 0.0, 89.244]
[9325.48382766025, 0.0, 10290.357720692606, 56.875, 0.0, 89.402]
[11424.136953989324, 0.0, 12407.6348953805, 56.706, 0.0, 89.355]
[9579.427626259087, 0.0, 10673.417158845668, 56.768, 0.0, 89.482]
[11698.332017554882, 0.0, 12850.407180181737, 56.689, 0.0, 89.436]
[11380.040597453524, 0.0, 11769.58426242131, 56.674, 0.0, 89.641]
[13363.998675503804, 0.0, 13763.459372292602, 56.642, 0.0, 89.519]
[11873.239329161746, 0.0, 12678.193326404577, 56.658, 0.0, 88.98]
[13965.969954580061, 0.0, 14732.844952250478, 56.675, 0.0, 88.971]
[12191.29121427227, 0.0, 13186.100823679897, 56.829, 0.0, 89.106]
[14305.306033069775, 0.0, 15364.5747242813, 56.674, 0.0, 89.186]
[6342.545182531943, 0.0, 6836.661491316061, 71.795, 0.0, 112.494]
[8429.66071627212, 0.0, 8913.865173567094, 71.983, 0.0, 112.363]
[6687.654108381727, 0.0, 7297.998845045322, 71.764, 0.0, 112.396]
[8805.896986090376, 0.0, 9444.76563569595, 71.749, 0.0, 112.482]
[6958.8707932472435, 0.0, 7665.887192729903, 71.749, 0.0, 112.521]
[9100.489430959504, 0.0, 9857.250788261961, 71.812, 0.0, 112.58]
[9112.483725025502, 0.0, 9776.754568123702, 71.731, 0.0, 111.91]
[11140.008369106701, 0.0, 11836.067696938886, 71.811, 0.0, 112.017]
[9592.471261761932, 0.0, 10420.025375545114, 71.81, 0.0, 112.148]
[11696.981212410692, 0.0, 12562.784537906886, 71.728, 0.0, 112.254]
[9923.636043604543, 0.0, 10890.148609225276, 71.777, 0.0, 112.516]
[12062.777902160109, 0.0, 13096.857177588803, 71.776, 0.0, 112.313]
[11480.188590066278, 0.0, 11846.658579247865, 71.749, 0.0, 112.314]
[13458.292886094563, 0.0, 13863.873544338943, 71.717, 0.0, 112.485]
[12125.034281586655, 0.0, 12740.720999302484, 71.73, 0.0, 112.424]
[14210.847029698576, 0.0, 14845.961950525576, 71.842, 0.0, 112.548]
[12550.37870172274, 0.0, 13400.656112126895, 71.702, 0.0, 111.984]
[14676.754309891034, 0.0, 15610.6389026125, 71.763, 0.0, 111.938]

====================================

====================================
[6994.836833341211, 0.0, 7263.752266894867, 50.784, 0.0, 80.15]
[9525.640606202891, 0.0, 9775.706718213925, 50.658, 0.0, 80.323]
[7219.988436669868, 0.0, 7639.845689587706, 50.657, 0.0, 80.446]
[9763.927706738761, 0.0, 10198.599958148523, 50.802, 0.0, 80.68]
[7375.775261572097, 0.0, 7903.914006159304, 50.892, 0.0, 80.448]
[9929.077975957114, 0.0, 10492.116050283159, 50.628, 0.0, 80.51]
[10213.908482016885, 0.0, 10393.66556311475, 50.661, 0.0, 80.541]
[12739.145183763376, 0.0, 12884.843715817156, 50.613, 0.0, 85.27]
[10529.332708536102, 0.0, 11035.607021395183, 58.798, 0.0, 89.196]
[13071.619528206473, 0.0, 13548.798516775887, 50.953, 0.0, 80.136]
[10737.233189078235, 0.0, 11321.500966504642, 50.659, 0.0, 80.293]
[13290.32223379977, 0.0, 13903.450883200063, 50.69, 0.0, 80.446]
[12862.683106329294, 0.0, 12893.670092677423, 50.677, 0.0, 80.54]
[15300.64645034212, 0.0, 15384.844307100371, 50.723, 0.0, 80.433]
[13483.923824133972, 0.0, 13548.798516775887, 50.739, 0.0, 80.572]
[16002.600256445156, 0.0, 16049.307399691654, 50.644, 0.0, 80.51]
[13735.306098810875, 0.0, 14153.990475427288, 50.645, 0.0, 80.741]
[16287.66040462951, 0.0, 16692.73683800462, 50.615, 0.0, 80.04]
[7234.108329550132, 0.0, 7454.862858359032, 69.108, 0.0, 108.252]
[9758.461539025066, 0.0, 9989.24123452989, 69.125, 0.0, 108.268]
[7605.137282993021, 0.0, 7915.319652422289, 69.139, 0.0, 108.549]
[10156.929407168742, 0.0, 10514.326455155495, 69.156, 0.0, 108.736]
[7882.752820702022, 0.0, 8223.498677617987, 69.075, 0.0, 108.627]
[10452.991795740038, 0.0, 10859.65119309201, 69.233, 0.0, 108.72]
[10365.978019252627, 0.0, 10521.044955873982, 69.045, 0.0, 108.739]
[12863.76119306024, 0.0, 13020.724535671618, 69.09, 0.0, 108.769]
[10814.726999265304, 0.0, 11206.667131970187, 69.044, 0.0, 108.769]
[13362.463469999817, 0.0, 13762.6002001825, 69.137, 0.0, 108.596]
[11133.905747626291, 0.0, 11587.681835911417, 69.107, 0.0, 108.27]
[13702.662362604526, 0.0, 14225.299007603804, 69.125, 0.0, 108.314]
[12957.406876695946, 0.0, 13027.327986837421, 69.046, 0.0, 108.657]
[15416.498904939519, 0.0, 15523.257780673723, 69.109, 0.0, 108.69]
[13635.203163316843, 0.0, 13762.6002001825, 69.187, 0.0, 108.721]
[16152.681942800671, 0.0, 16293.715641578034, 69.091, 0.0, 108.969]
[14076.733993951513, 0.0, 14373.042044041827, 69.093, 0.0, 108.83]
[16636.08831270856, 0.0, 16991.776475087183, 69.029, 0.0, 108.878]
[7417.0425257412535, 0.0, 7609.286278555874, 87.413, 0.0, 136.761]
[9942.28466921389, 0.0, 10153.46609285125, 87.588, 0.0, 136.244]
[7882.290496435925, 0.0, 8119.498168815073, 87.415, 0.0, 136.213]
[10445.646586445831, 0.0, 10730.75545128183, 87.507, 0.0, 136.496]
[8251.347966907819, 0.0, 8516.16036942281, 87.4, 0.0, 136.54]
[10839.568310799452, 0.0, 11171.358652142137, 87.542, 0.0, 136.682]
[10498.248905737935, 0.0, 10680.200332415876, 87.46, 0.0, 136.698]
[12991.459038715097, 0.0, 13200.702936744774, 87.493, 0.0, 136.808]
[11072.822904007813, 0.0, 11393.597710361139, 87.51, 0.0, 136.836]
[13625.070849062578, 0.0, 13999.619266306863, 87.417, 0.0, 137.057]
[11500.008917247678, 0.0, 11896.672964958081, 87.43, 0.0, 136.26]
[14086.607307300497, 0.0, 14569.614810036099, 87.447, 0.0, 136.322]
[13105.968801645751, 0.0, 13204.121788290868, 87.634, 0.0, 136.367]
[15565.244668309486, 0.0, 15701.27267660229, 87.494, 0.0, 136.495]
[13842.048901257078, 0.0, 13999.619266306863, 87.759, 0.0, 136.696]
[16370.948423304042, 0.0, 16574.431026446684, 87.493, 0.0, 136.87]
[14371.052712219502, 0.0, 14619.763524292035, 87.464, 0.0, 136.712]
[16946.699231113107, 0.0, 17279.7996614712, 87.651, 0.0, 136.839]

====================================

====================================
[7031.642203346853, 0.0, 7293.411381789502, 49.926, 0.0, 79.573]
[9518.625195712402, 0.0, 9771.395613741062, 49.94, 0.0, 79.477]
[7224.752597185427, 0.0, 7611.66103616193, 49.942, 0.0, 79.025]
[9730.07754384385, 0.0, 10127.211315207613, 49.987, 0.0, 78.917]
[7380.14231607186, 0.0, 7819.732393263481, 50.051, 0.0, 79.058]
[9896.849914029335, 0.0, 10374.193504582448, 49.925, 0.0, 79.199]
[10193.839638493975, 0.0, 10246.656773506902, 49.972, 0.0, 79.292]
[12649.968731695662, 0.0, 12704.14623304782, 49.957, 0.0, 79.352]
[10508.332974546769, 0.0, 10714.126011958417, 49.942, 0.0, 79.352]
[13012.677813662107, 0.0, 13214.650728791656, 49.924, 0.0, 79.525]
[10704.156945825973, 0.0, 11090.436668346021, 49.94, 0.0, 79.401]
[13219.931938106047, 0.0, 13629.235893663124, 49.894, 0.0, 79.526]
[12695.006872179358, 0.0, 12746.66391691637, 49.925, 0.0, 79.058]
[15150.057210009738, 0.0, 15204.146862515396, 50.003, 0.0, 79.152]
[13137.729223470136, 0.0, 13214.650728791656, 50.051, 0.0, 78.947]
[15617.327694278174, 0.0, 15714.726149883058, 49.959, 0.0, 79.243]
[13527.380664254888, 0.0, 13657.066801238534, 49.988, 0.0, 79.382]
[16031.907898941503, 0.0, 16164.708349595283, 49.973, 0.0, 79.339]
[7280.383213568881, 0.0, 7438.307755262019, 68.125, 0.0, 107.111]
[9765.545015418757, 0.0, 9939.706108281734, 68.124, 0.0, 107.22]
[7646.045955035766, 0.0, 7862.626144900014, 67.983, 0.0, 107.314]
[10160.9385717435, 0.0, 10423.647916635698, 67.999, 0.0, 107.252]
[7925.57373535679, 0.0, 8171.481328882969, 68.063, 0.0, 106.688]
[10457.841156619574, 0.0, 10772.180593876432, 68.029, 0.0, 106.783]
[10331.750341671897, 0.0, 10447.375935897418, 68.109, 0.0, 106.692]
[12780.211491004264, 0.0, 12918.141518438017, 67.998, 0.0, 106.973]
[10858.46254091743, 0.0, 11052.871660113382, 68.059, 0.0, 107.098]
[13360.881369062427, 0.0, 13584.098573328214, 68.015, 0.0, 107.268]
[11198.223165490353, 0.0, 11467.074688428604, 68.045, 0.0, 107.298]
[13729.107556485827, 0.0, 14063.199657121248, 68.171, 0.0, 107.205]
[12848.450182796123, 0.0, 12954.124819366312, 68.031, 0.0, 107.267]
[15291.154536982305, 0.0, 15421.51482883038, 67.999, 0.0, 106.658]
[13463.728653073666, 0.0, 13584.098573328214, 68.093, 0.0, 106.798]
[15947.093212787942, 0.0, 16101.337524088205, 68.139, 0.0, 106.688]
[13936.683045744316, 0.0, 14119.332810338674, 68.188, 0.0, 107.128]
[16452.23202058741, 0.0, 16689.89949071724, 68.061, 0.0, 107.236]
[7426.442391189021, 0.0, 7573.870450003366, 86.198, 0.0, 134.636]
[9912.615542444275, 0.0, 10088.378609567177, 86.258, 0.0, 134.687]
[7898.538508829823, 0.0, 8077.645964110684, 86.199, 0.0, 134.912]
[10422.335800340767, 0.0, 10654.594626679685, 86.181, 0.0, 134.777]
[8272.177617215939, 0.0, 8471.268646947872, 86.179, 0.0, 134.84]
[10818.218287040349, 0.0, 11088.850354411938, 86.161, 0.0, 134.37]
[10468.42856678631, 0.0, 10637.63003943576, 86.199, 0.0, 134.416]
[12924.182782538985, 0.0, 13131.040341839365, 86.29, 0.0, 134.261]
[11070.98720566648, 0.0, 11303.666583866472, 86.183, 0.0, 134.602]
[13581.40548654866, 0.0, 13879.311045385784, 86.213, 0.0, 134.84]
[11510.564300240125, 0.0, 11795.853892984112, 86.164, 0.0, 134.854]
[14055.670274018947, 0.0, 14427.137123246845, 86.334, 0.0, 134.809]
[13023.453581367728, 0.0, 13152.985126627571, 86.23, 0.0, 134.746]
[15466.378258613033, 0.0, 15638.066395311993, 86.213, 0.0, 134.887]
[13709.181731230927, 0.0, 13879.311045385784, 86.164, 0.0, 134.793]
[16205.000244081994, 0.0, 16431.543316936284, 86.276, 0.0, 134.351]
[14235.615936261293, 0.0, 14455.318920726595, 86.371, 0.0, 134.308]
[16770.358751848562, 0.0, 17075.671976450947, 86.275, 0.0, 134.448]

====================================

====================================
[6188.07636776929, 0.0, 7077.9914730918235, 51.626, 0.0, 81.103]
[8752.691974050835, 0.0, 9647.389044785541, 51.645, 0.0, 81.448]
[6413.855883635076, 0.0, 7465.884830422607, 51.658, 0.0, 81.243]
[8993.270462003971, 0.0, 10079.116423780273, 51.628, 0.0, 81.274]
[6598.000405034564, 0.0, 7743.661013784377, 51.705, 0.0, 81.511]
[9186.610029734606, 0.0, 10393.604908583973, 51.581, 0.0, 81.385]
[9321.502680550446, 0.0, 10098.707914347739, 51.627, 0.0, 81.479]
[11885.937667373328, 0.0, 12660.135628490638, 51.597, 0.0, 80.836]
[9626.061793766496, 0.0, 10543.738653588274, 51.614, 0.0, 80.962]
[12206.420613005223, 0.0, 13142.47473638891, 51.738, 0.0, 80.917]
[9856.019284150178, 0.0, 10821.974216103215, 51.626, 0.0, 81.057]
[12448.000959254821, 0.0, 13456.772713992563, 51.566, 0.0, 81.197]
[12321.501924438458, 0.0, 12817.437578008019, 51.644, 0.0, 81.242]
[14885.933560519701, 0.0, 15321.241718677635, 51.723, 0.0, 81.494]
[12626.496026426128, 0.0, 13555.87770601358, 51.674, 0.0, 81.323]
[15206.861439351735, 0.0, 16151.67749725743, 51.691, 0.0, 81.525]
[12859.496647724765, 0.0, 13846.03670433381, 51.581, 0.0, 81.43]
[15452.171118295366, 0.0, 16471.179159098912, 51.506, 0.0, 80.897]
[6533.389945155556, 0.0, 7473.961552574861, 70.234, 0.0, 109.283]
[9102.537647965586, 0.0, 10095.239674542976, 70.375, 0.0, 109.251]
[6858.566911776361, 0.0, 7976.652253144322, 70.202, 0.0, 109.362]
[9446.893973522107, 0.0, 10654.117687347554, 70.279, 0.0, 109.689]
[7100.326014166864, 0.0, 8325.204550659922, 70.263, 0.0, 109.812]
[9699.441706686483, 0.0, 11040.234801124752, 70.249, 0.0, 109.58]
[9714.735983600098, 0.0, 10518.369063235768, 70.312, 0.0, 109.64]
[12282.788704068715, 0.0, 13119.603565135754, 70.094, 0.0, 109.658]
[10124.396818748857, 0.0, 11055.184400583003, 70.311, 0.0, 109.204]
[12720.145397539445, 0.0, 13716.005093604397, 70.249, 0.0, 109.236]
[10427.67690411603, 0.0, 11425.50492013201, 70.326, 0.0, 109.251]
[13040.415154469723, 0.0, 14128.614440341908, 70.28, 0.0, 109.408]
[12700.63679844496, 0.0, 13239.513272152526, 70.249, 0.0, 109.58]
[15266.492927823616, 0.0, 15796.047777715748, 70.39, 0.0, 109.548]
[13140.192282227132, 0.0, 14053.73556617326, 70.249, 0.0, 109.564]
[15736.581591822001, 0.0, 16704.46836843256, 70.249, 0.0, 109.64]
[13467.01811870826, 0.0, 14484.685176971117, 70.263, 0.0, 109.658]
[16083.830367331168, 0.0, 17180.97566591143, 70.234, 0.0, 109.657]
[6830.978341622931, 0.0, 7743.380331013015, 88.776, 0.0, 136.73]
[9410.658589425988, 0.0, 10376.138987682683, 88.586, 0.0, 136.839]
[7223.536396981147, 0.0, 8325.750812275195, 88.71, 0.0, 136.964]
[9823.979985349537, 0.0, 10992.159782205297, 88.635, 0.0, 137.088]
[7527.787804000827, 0.0, 8718.861619102187, 88.603, 0.0, 137.214]
[10140.98859550324, 0.0, 11414.982811027425, 88.618, 0.0, 137.229]
[10064.373114277152, 0.0, 10807.410155319658, 88.585, 0.0, 137.288]
[12638.8425760786, 0.0, 13427.437519733889, 88.572, 0.0, 137.243]
[10560.162265339273, 0.0, 11446.376365345875, 88.698, 0.0, 137.337]
[13168.948016508206, 0.0, 14136.562692025895, 88.603, 0.0, 137.465]
[10936.395779888257, 0.0, 11932.414109086421, 88.586, 0.0, 136.962]
[13565.05045249402, 0.0, 14668.594502942778, 88.587, 0.0, 136.761]
[12994.841311084996, 0.0, 13465.142494687276, 88.635, 0.0, 136.774]
[15562.747482516472, 0.0, 16064.259865436292, 88.573, 0.0, 136.933]
[13566.519559398866, 0.0, 14257.741402629348, 88.618, 0.0, 137.339]
[16174.60707885007, 0.0, 16940.43648191697, 88.617, 0.0, 137.136]
[13995.000937840103, 0.0, 14841.92443575935, 88.729, 0.0, 137.149]
[16628.476605774762, 0.0, 17591.517664251463, 88.556, 0.0, 137.308]

====================================

====================================
[8714.18701937871, 0.0, 9848.398840001522, 96.678, 0.0, 149.321]
[13552.493564564264, 0.0, 14762.912022226303, 96.675, 0.0, 149.506]
[8995.576356394955, 0.0, 10525.345819266477, 96.665, 0.0, 148.725]
[13844.093787128304, 0.0, 15491.425210913469, 96.929, 0.0, 148.803]
[9240.581952267223, 0.0, 10914.097185961704, 96.771, 0.0, 149.334]
[14096.343264567857, 0.0, 15920.083500613608, 96.678, 0.0, 149.005]
[14171.065344792414, 0.0, 14856.394843576729, 96.694, 0.0, 149.305]
[19008.34678415176, 0.0, 19765.370199883244, 96.804, 0.0, 149.336]
[14715.293890738327, 0.0, 15544.837462394353, 96.771, 0.0, 149.43]
[19563.681481321528, 0.0, 20512.29711703122, 97.004, 0.0, 149.337]
[15026.66862759043, 0.0, 15935.691793863301, 96.692, 0.0, 153.803]
[19883.5555626401, 0.0, 20942.776571473394, 96.634, 0.0, 149.614]
[19218.54314011931, 0.0, 19847.761636607403, 97.055, 0.0, 155.89]
[24052.594757649957, 0.0, 24755.721005567742, 104.034, 0.0, 168.563]
[19803.111306760155, 0.0, 20550.33092618138, 135.392, 0.0, 205.294]
[24650.739588788787, 0.0, 25512.573740276377, 110.484, 0.0, 159.027]
[20150.44183252048, 0.0, 20948.07006125674, 102.895, 0.0, 159.014]
[25007.358758739494, 0.0, 25955.770789134822, 102.896, 0.0, 157.734]
[9387.862588581342, 0.0, 10423.805718496194, 139.117, 0.0, 209.886]
[14228.324403401537, 0.0, 15366.064197988377, 137.644, 0.0, 210.847]
[9881.29931973379, 0.0, 11281.04192883568, 138.062, 0.0, 210.676]
[14739.034743303147, 0.0, 16287.920384732393, 137.474, 0.0, 210.503]
[10320.98951736727, 0.0, 11823.290035130307, 137.055, 0.0, 210.063]
[15189.416040853164, 0.0, 16839.230834843347, 138.111, 0.0, 210.336]
[14848.58506854415, 0.0, 15366.064197988377, 137.465, 0.0, 210.347]
[19683.173623157378, 0.0, 20275.947211087518, 137.708, 0.0, 210.34]
[15608.963691506024, 0.0, 16287.920384732393, 138.393, 0.0, 208.166]
[20467.03083750233, 0.0, 21272.566088167314, 130.862, 0.0, 199.318]
[16077.237604626875, 0.0, 16899.521596889223, 130.695, 0.0, 199.974]
[20949.918566662196, 0.0, 21931.816456282573, 130.657, 0.0, 199.797]
[19874.213018514718, 0.0, 20275.947211087518, 130.554, 0.0, 199.8]
[24696.436863591967, 0.0, 25161.94177652286, 130.652, 0.0, 199.866]
[20745.10916517638, 0.0, 21272.566088167314, 130.617, 0.0, 198.796]
[25597.35026855079, 0.0, 26236.42547723191, 130.57, 0.0, 198.837]
[21330.280784575498, 0.0, 21931.816456282573, 130.644, 0.0, 199.79]
[26201.62853496006, 0.0, 26952.354202914743, 130.683, 0.0, 199.284]
[10022.39017925338, 0.0, 10856.537538005703, 162.668, 0.0, 245.816]
[14870.155793846681, 0.0, 15800.43686296908, 162.691, 0.0, 247.23]
[10734.276546449792, 0.0, 11839.849584598362, 170.827, 0.0, 257.327]
[15601.949100290403, 0.0, 16848.555360058475, 175.055, 0.0, 266.043]
[11381.760077698562, 0.0, 12519.623792261455, 175.27, 0.0, 278.356]
[16261.81807472283, 0.0, 17560.337528952376, 180.187, 0.0, 268.968]
[15377.849780877768, 0.0, 15800.43686296908, 176.644, 0.0, 270.188]
[20216.332529789015, 0.0, 20712.618804474536, 180.107, 0.0, 269.554]
[16275.618279152139, 0.0, 16849.616901361274, 178.097, 0.0, 270.152]
[21143.516875316916, 0.0, 21836.498597446585, 177.894, 0.0, 269.761]
[16951.312988527945, 0.0, 17575.170921076275, 177.531, 0.0, 269.377]
[21837.18588829755, 0.0, 22611.18857697574, 177.858, 0.0, 271.265]
[20370.719314531638, 0.0, 20712.618804474536, 178.546, 0.0, 273.179]
[25199.648395351564, 0.0, 25600.685698467474, 177.943, 0.0, 285.07]
[21394.325588577405, 0.0, 21836.498597446585, 231.741, 0.0, 304.946]
[26258.237960654813, 0.0, 26803.252033573302, 188.422, 0.0, 286.757]
[22116.030655350085, 0.0, 22611.18857697574, 194.166, 0.0, 305.63]
[27003.07780828225, 0.0, 27634.79757066054, 193.457, 0.0, 292.485]

====================================

====================================
[9181.124732854998, 0.0, 10740.136257485217, 214.965, 0.0, 200.152]
[14183.877413335913, 0.0, 15853.299408775367, 104.399, 0.0, 158.903]
[9801.846150045589, 0.0, 11817.138055505273, 106.1, 0.0, 163.177]
[14808.152192580552, 0.0, 16985.104428876697, 106.923, 0.0, 162.261]
[10237.520918184666, 0.0, 12927.740062320972, 106.158, 0.0, 162.263]
[15246.15006379402, 0.0, 18105.107001649612, 106.034, 0.0, 162.274]
[14569.595641572045, 0.0, 15853.299408775367, 105.723, 0.0, 162.95]
[19573.8638590282, 0.0, 20953.72891160216, 105.686, 0.0, 162.737]
[15456.406298118076, 0.0, 16985.104428876697, 105.568, 0.0, 162.127]
[20467.689848972128, 0.0, 22144.616679410796, 106.496, 0.0, 163.104]
[16026.698425376184, 0.0, 18137.5715566625, 106.741, 0.0, 162.511]
[21043.126752604494, 0.0, 23335.621239297274, 106.329, 0.0, 165.089]
[19794.355756397854, 0.0, 20953.72891160216, 108.082, 0.0, 165.579]
[24797.073531817838, 0.0, 26042.248398599124, 108.944, 0.0, 166.177]
[20698.530356572286, 0.0, 22144.616679410796, 108.32, 0.0, 165.235]
[25710.399166496867, 0.0, 27295.935407691228, 105.38, 0.0, 156.174]
[21608.819673642472, 0.0, 23335.621239297274, 100.925, 0.0, 156.852]
[26627.279689353167, 0.0, 28528.985617326794, 101.796, 0.0, 156.689]
[10105.589561998937, 0.0, 11713.754510066861, 135.145, 0.0, 204.576]
[15114.26035281382, 0.0, 16857.283177762878, 134.983, 0.0, 204.235]
[11064.807794177854, 0.0, 13140.106066627342, 135.084, 0.0, 204.915]
[16077.853205572745, 0.0, 18329.94185797219, 135.029, 0.0, 204.932]
[11703.248404542275, 0.0, 14081.636982622285, 135.193, 0.0, 204.589]
[16719.147358162427, 0.0, 19290.602200471018, 134.948, 0.0, 204.697]
[15546.249064899814, 0.0, 16857.283177762878, 134.888, 0.0, 204.867]
[20559.251869997424, 0.0, 21988.79259888529, 134.773, 0.0, 204.952]
[16730.164906718164, 0.0, 18329.94185797219, 134.723, 0.0, 205.094]
[21751.950998328033, 0.0, 23513.05723314049, 134.897, 0.0, 205.242]
[17406.080868160047, 0.0, 19324.864430248657, 134.496, 0.0, 204.346]
[22433.18598324767, 0.0, 24537.684131308597, 135.354, 0.0, 204.251]
[20792.69043717568, 0.0, 21988.79259888529, 135.303, 0.0, 204.744]
[25805.48472895414, 0.0, 27108.64507822697, 135.239, 0.0, 204.016]
[22095.896141748013, 0.0, 23513.05723314049, 133.602, 0.0, 203.037]
[27120.83771793965, 0.0, 28689.529935460007, 137.891, 0.0, 202.324]
[22872.82123671899, 0.0, 24537.684131308597, 131.646, 0.0, 198.607]
[27904.928632333438, 0.0, 29746.950688868295, 131.519, 0.0, 198.547]
[11120.061782342127, 0.0, 12613.474299792373, 161.462, 0.0, 241.777]
[16135.483532446202, 0.0, 17760.541726371917, 161.669, 0.0, 242.351]
[12320.176762367304, 0.0, 14172.877432215691, 161.591, 0.0, 241.338]
[17341.86783538305, 0.0, 19366.109867839223, 161.912, 0.0, 245.165]
[13290.871128303934, 0.0, 15230.911000194033, 173.722, 0.0, 260.441]
[18317.78643313281, 0.0, 20451.14516703404, 168.815, 0.0, 257.008]
[16587.043152882863, 0.0, 17760.541726371917, 172.064, 0.0, 258.945]
[21609.296266482354, 0.0, 22895.79813484207, 174.029, 0.0, 258.757]
[17965.976876751512, 0.0, 19366.109867839223, 172.018, 0.0, 257.912]
[22998.195379208566, 0.0, 24552.725125020188, 171.377, 0.0, 260.736]
[18993.74842682138, 0.0, 20451.14516703404, 171.798, 0.0, 263.511]
[24032.893306823204, 0.0, 25667.84973441582, 174.655, 0.0, 262.738]
[21835.863972033098, 0.0, 22895.79813484207, 173.141, 0.0, 259.132]
[26859.31252412833, 0.0, 28019.543280264366, 175.991, 0.0, 273.984]
[23306.310660296273, 0.0, 24552.725125020188, 179.094, 0.0, 276.317]
[28343.5172549622, 0.0, 29732.833068170472, 184.358, 0.0, 277.732]
[24323.568404088608, 0.0, 25667.84973441582, 184.985, 0.0, 275.283]
[29369.67376160237, 0.0, 30881.045097529586, 181.443, 0.0, 273.407]

====================================

====================================
[9219.749355656717, 0.0, 10371.728637647035, 109.945, 0.0, 172.439]
[14213.962020326895, 0.0, 15406.182473002507, 112.951, 0.0, 175.368]
[9517.074381250928, 0.0, 11193.419328753807, 110.501, 0.0, 173.957]
[14526.835556585413, 0.0, 16290.853107232408, 111.958, 0.0, 172.879]
[9775.113917655826, 0.0, 11565.072765608105, 118.825, 0.0, 181.534]
[14796.595231263918, 0.0, 16699.658103313704, 111.1, 0.0, 173.04]
[14807.065631527215, 0.0, 15406.182473002507, 115.818, 0.0, 171.112]
[19797.528347010917, 0.0, 20419.9672222679, 109.789, 0.0, 170.778]
[15225.933903972566, 0.0, 16361.465439811358, 110.314, 0.0, 168.165]
[20233.47518586365, 0.0, 21429.768630276696, 109.302, 0.0, 168.903]
[15569.98228282248, 0.0, 16886.17379586848, 112.656, 0.0, 175.064]
[20590.980290295018, 0.0, 22014.45481594843, 110.389, 0.0, 175.733]
[20185.48580202969, 0.0, 20419.9672222679, 110.74, 0.0, 175.42]
[25163.999957383123, 0.0, 25419.433222218122, 112.788, 0.0, 174.843]
[20734.1902448144, 0.0, 21429.768630276696, 118.088, 0.0, 167.955]
[25740.667330959528, 0.0, 26478.157903956242, 113.185, 0.0, 171.159]
[21084.00437314041, 0.0, 22014.45481594843, 107.783, 0.0, 168.724]
[26104.287575410097, 0.0, 27125.134740082107, 107.299, 0.0, 160.976]
[9952.725054712051, 0.0, 10752.759384535302, 138.73, 0.0, 215.362]
[14967.49711218594, 0.0, 15834.579030570985, 141.196, 0.0, 216.875]
[10511.235771594553, 0.0, 11731.708320714464, 141.371, 0.0, 221.057]
[15551.729119020354, 0.0, 16884.587525723808, 142.013, 0.0, 219.216]
[11004.72683859196, 0.0, 12359.972353699073, 140.359, 0.0, 209.344]
[16063.888235471728, 0.0, 17559.5688470159, 137.825, 0.0, 205.819]
[15456.618464602669, 0.0, 15834.579030570985, 133.994, 0.0, 205.848]
[20458.618123467473, 0.0, 20873.748405441456, 133.918, 0.0, 205.082]
[16323.457089609046, 0.0, 16884.587525723808, 133.949, 0.0, 205.071]
[21359.64679074877, 0.0, 22010.579893693735, 133.932, 0.0, 205.084]
[16922.08573958578, 0.0, 17559.5688470159, 133.98, 0.0, 205.365]
[21982.14830893204, 0.0, 22742.39521386533, 133.95, 0.0, 205.257]
[20686.083523883444, 0.0, 20873.748405441456, 133.931, 0.0, 205.523]
[25667.667331137924, 0.0, 25872.19286557093, 134.06, 0.0, 205.349]
[21687.87335069761, 0.0, 22010.579893693735, 133.919, 0.0, 205.427]
[26716.440961217562, 0.0, 27111.9348303086, 134.511, 0.0, 205.492]
[22349.422462064234, 0.0, 22742.39521386533, 134.246, 0.0, 205.553]
[27406.320890468658, 0.0, 27909.642267161205, 134.059, 0.0, 204.756]
[10656.562242727618, 0.0, 11164.661727642899, 167.081, 0.0, 253.776]
[15695.608348667056, 0.0, 16256.455839729157, 167.299, 0.0, 253.839]
[11437.355091967764, 0.0, 12323.657593450407, 167.189, 0.0, 254.01]
[16509.29099967755, 0.0, 17491.825576045798, 167.095, 0.0, 254.135]
[12138.034716026643, 0.0, 13199.476511906687, 167.127, 0.0, 254.367]
[17235.924333274394, 0.0, 18418.82347159549, 167.097, 0.0, 254.164]
[16079.059563778872, 0.0, 16256.455839729157, 167.065, 0.0, 254.101]
[21095.783578139777, 0.0, 21301.574931291456, 167.066, 0.0, 254.338]
[17237.221898162632, 0.0, 17491.825576045798, 180.263, 0.0, 301.393]
[22303.883385662837, 0.0, 22630.602374583403, 193.102, 0.0, 281.513]
[18039.884180177105, 0.0, 18418.82347159549, 170.218, 0.0, 258.93]
[23138.6059892037, 0.0, 23619.86881732372, 171.471, 0.0, 254.413]
[21226.857064046857, 0.0, 21301.574931291456, 167.129, 0.0, 254.413]
[26212.95416716189, 0.0, 26303.098712185638, 167.081, 0.0, 254.818]
[22490.4314562524, 0.0, 22630.602374583403, 176.717, 0.0, 254.65]
[27542.764182309853, 0.0, 27742.108704589384, 167.111, 0.0, 254.617]
[23435.471612204423, 0.0, 23619.86881732372, 167.034, 0.0, 254.353]
[28527.28477926214, 0.0, 28803.80810713687, 167.143, 0.0, 254.663]

====================================

====================================
[8312.391228005303, 0.0, 10190.207656278211, 98.365, 0.0, 151.3]
[13280.095873394448, 0.0, 15260.389892147521, 99.237, 0.0, 151.678]
[8637.006571833841, 0.0, 11230.433895818333, 99.115, 0.0, 151.614]
[13609.738580127694, 0.0, 16347.364825280803, 99.055, 0.0, 152.548]
[8923.702187069073, 0.0, 11823.379400396696, 99.132, 0.0, 151.958]
[13899.201340781328, 0.0, 16958.651787450883, 98.943, 0.0, 152.131]
[14021.333240911028, 0.0, 15260.389892147521, 98.974, 0.0, 152.132]
[18990.84526898565, 0.0, 20320.32957305732, 98.988, 0.0, 152.161]
[14370.147930989739, 0.0, 16347.364825280803, 111.831, 0.0, 153.614]
[19347.992213369867, 0.0, 21456.805464100293, 98.912, 0.0, 152.334]
[14651.904126064477, 0.0, 17096.23582391681, 98.942, 0.0, 152.32]
[19634.04314307222, 0.0, 22240.732218678975, 98.925, 0.0, 151.6]
[19221.619723104573, 0.0, 20320.32957305732, 98.959, 0.0, 151.738]
[24190.130571559526, 0.0, 25370.898169622393, 98.93, 0.0, 151.956]
[20003.120038124813, 0.0, 21456.805464100293, 98.959, 0.0, 151.942]
[24982.919708076148, 0.0, 26559.079492443812, 98.927, 0.0, 152.021]
[20281.246712816002, 0.0, 22240.732218678975, 99.052, 0.0, 152.069]
[25267.09105265841, 0.0, 27380.84543479279, 98.975, 0.0, 152.192]
[9168.06858417312, 0.0, 11170.807713867827, 131.903, 0.0, 200.633]
[14142.100641628585, 0.0, 16276.693122579203, 131.717, 0.0, 200.773]
[9744.62353357045, 0.0, 12304.901059660548, 131.7, 0.0, 200.835]
[14724.402426592338, 0.0, 17456.899263910094, 131.748, 0.0, 200.068]
[10261.566026267512, 0.0, 12956.038673974377, 131.888, 0.0, 200.245]
[15245.847645869231, 0.0, 18121.037388591594, 131.825, 0.0, 200.258]
[14956.788005503684, 0.0, 16276.693122579203, 131.669, 0.0, 200.415]
[19936.807493235454, 0.0, 21370.862491869935, 131.733, 0.0, 200.569]
[15534.702252381432, 0.0, 17456.899263910094, 132.153, 0.0, 200.572]
[20523.659176783483, 0.0, 22602.329508992698, 131.541, 0.0, 200.713]
[16030.718100740065, 0.0, 18207.980317672882, 131.606, 0.0, 200.805]
[21025.488517657588, 0.0, 23383.083730986546, 131.901, 0.0, 200.697]
[20242.59963276907, 0.0, 21370.862491869935, 131.793, 0.0, 200.788]
[25223.62685148992, 0.0, 26453.586185597105, 131.686, 0.0, 200.023]
[21084.74701074068, 0.0, 22602.329508992698, 131.965, 0.0, 200.179]
[26078.274383953194, 0.0, 27741.324283900445, 131.887, 0.0, 200.323]
[21591.614499954798, 0.0, 23383.083730986546, 131.84, 0.0, 200.368]
[26592.728776676413, 0.0, 28554.758197290546, 131.748, 0.0, 200.71]
[10074.91768091143, 0.0, 11785.862383926049, 162.535, 0.0, 245.715]
[15058.013712722877, 0.0, 16896.69077947917, 162.52, 0.0, 245.652]
[10923.07645354296, 0.0, 13047.488774596988, 162.565, 0.0, 245.715]
[15914.859647441654, 0.0, 18204.546777257685, 162.803, 0.0, 245.683]
[11703.90342905735, 0.0, 13917.117250069108, 162.581, 0.0, 245.62]
[16703.354595750407, 0.0, 19101.233143916663, 162.501, 0.0, 244.778]
[15730.797972101063, 0.0, 16896.69077947917, 162.518, 0.0, 248.348]
[20719.829879234225, 0.0, 21995.961845106438, 163.103, 0.0, 252.681]
[16628.933108521236, 0.0, 18204.546777257685, 187.434, 0.0, 260.713]
[21629.82909917751, 0.0, 23355.167080109713, 169.313, 0.0, 262.872]
[17436.86070561609, 0.0, 19101.233143916663, 174.82, 0.0, 264.49]
[22446.860175148613, 0.0, 24281.898188086554, 175.17, 0.0, 265.664]
[21010.947317372636, 0.0, 21995.961845106438, 175.134, 0.0, 264.851]
[26001.921584585245, 0.0, 27083.9614768462, 173.923, 0.0, 260.893]
[22044.763123427514, 0.0, 23355.167080109713, 171.689, 0.0, 260.352]
[27051.284619673865, 0.0, 28499.445164138546, 171.564, 0.0, 259.663]
[22870.111891834084, 0.0, 24281.898188086554, 171.923, 0.0, 260.133]
[27887.68360597335, 0.0, 29459.183100106457, 172.531, 0.0, 260.271]

====================================

====================================
[0.0, 6750.799216407647, 0.0, 0.0, 21.997, 0.0]
[0.0, 9095.460466950204, 0.0, 0.0, 76.875, 0.0]
[0.0, 7273.56438332491, 0.0, 0.0, 23.127, 0.0]
[0.0, 9722.984974544122, 0.0, 0.0, 73.948, 0.0]
[0.0, 8264.978337355114, 0.0, 0.0, 39.429, 0.0]
[0.0, 10624.115221957298, 0.0, 0.0, 77.009, 0.0]
[0.0, 50479.77665293504, 0.0, 0.0, 28.941, 0.0]
[0.0, 53829.40812902636, 0.0, 0.0, 49.056, 0.0]
[0.0, 165684.8508430328, 0.0, 0.0, 24.997, 0.0]
[0.0, 166685.64802687464, 0.0, 0.0, 32.581, 0.0]
[0.0, 324142.59844514175, 0.0, 0.0, 33.427, 0.0]
[0.0, 325241.29076598125, 0.0, 0.0, 39.966, 0.0]
[0.0, 89839.6914231406, 0.0, 0.0, 17.32, 0.0]
[0.0, 90704.84339449844, 0.0, 0.0, 24.741, 0.0]
[0.0, 169575.5439183059, 0.0, 0.0, 19.138, 0.0]
[0.0, 170437.33655003167, 0.0, 0.0, 19.336, 0.0]
[0.0, 363732.5534741175, 0.0, 0.0, 16.263, 0.0]
[0.0, 364515.50048095884, 0.0, 0.0, 21.074, 0.0]
[0.0, 7797.923987360794, 0.0, 0.0, 47.057, 0.0]
[0.0, 10182.968388377416, 0.0, 0.0, 87.718, 0.0]
[0.0, 9199.679860756654, 0.0, 0.0, 54.248, 0.0]
[0.0, 11517.56703655637, 0.0, 0.0, 110.56, 0.0]
[0.0, 10955.869256261256, 0.0, 0.0, 42.29, 0.0]
[0.0, 13278.73848898714, 0.0, 0.0, 85.865, 0.0]
[0.0, 52043.06119100603, 0.0, 0.0, 37.595, 0.0]
[0.0, 53984.21385813765, 0.0, 0.0, 41.924, 0.0]
[0.0, 164642.52240690117, 0.0, 0.0, 34.702, 0.0]
[0.0, 165829.91916255263, 0.0, 0.0, 47.475, 0.0]
[0.0, 169864.14326868212, 0.0, 0.0, 33.268, 0.0]
[0.0, 173936.6090507807, 0.0, 0.0, 54.181, 0.0]
[0.0, 92000.46869632365, 0.0, 0.0, 21.071, 0.0]
[0.0, 92812.30287761222, 0.0, 0.0, 39.153, 0.0]
[0.0, 171087.16171316284, 0.0, 0.0, 20.575, 0.0]
[0.0, 171782.67586213496, 0.0, 0.0, 40.557, 0.0]
[0.0, 368879.8858942548, 0.0, 0.0, 25.586, 0.0]
[0.0, 369868.95835597004, 0.0, 0.0, 31.567, 0.0]
[0.0, 20238.701498441438, 0.0, 0.0, 59.433, 0.0]
[0.0, 22191.26078643508, 0.0, 0.0, 123.161, 0.0]
[0.0, 11710.975131807716, 0.0, 0.0, 56.517, 0.0]
