[3.8703857142854154, 6.780171428571457, 4.666466666666844, 5.891557142856852, 9.0, 3.6665333333334145]
[2.0, 0.0, 2.0, 0.0, 0.0, 0.0]
[9.0, 5.710014285714306, 6.788142857142893, 6.795985714285758, 3.6665333333334145, 0.0]
[3.0, 4.0, 4.0, 3.0, 3.0, -Infinity]
[4.4998666666667475, 9.0, 4.4998666666667475, 9.0, 5.499800000000178, 3.6665333333334145]
[2.0, 2.0, 3.0, 2.0, 3.0, 2.0]
[7.506328571428611, 3.6665333333334145, 8.571214285714486, 9.0, 4.666466666666844, 3.6665333333334145]
[3.0, 3.0, 3.0, 3.0, 3.0, 3.0]
[6.789128571428608, 6.792342857142897, 6.794228571428613, 9.0, 6.785571428571462, 3.6665333333334145]
[3.0, 3.0, 3.0, 3.0, 3.0, 3.0]
[3.93846666666707, 9.0, 5.166466666666845, 6.869900000001725, 0.0, 5.566466666666844]
[2.0, 0.0, 0.0, 0.0, -Infinity, 0.0]
[6.71253333333282, 7.8569285714287735, 6.499733333333496, 6.804385714285766, 4.666466666666844, 0.0]
[3.0, 9.0, 3.0, 3.0, 3.0, -Infinity]
[9.0, 7.027999999998479, 8.571042857143059, 9.0, 5.701400000000017, 2.6666000000000407]
[0.0, 0.0, 0.0, 0.0, 2.0, 0.0]
[4.4998666666667475, 9.0, 4.4998666666667475, 7.499250000000702, 0.0, 6.499733333333496]
[2.0, 2.0, 2.0, 2.0, -Infinity, 3.0]
[4.4998666666667475, 6.499733333333496, 4.666466666666845, 8.5605000000002, 4.4998666666667475, 2.6666000000000407]
[2.0, 3.0, 3.0, 2.0, 3.0, 2.0]
[3.891471428571138, 6.788057142857179, 9.0, 5.878057142856846, 9.0, 3.6665333333334145]
[2.0, 2.0, 2.0, 2.0, 2.0, 0.0]
[6.98849999999968, 9.000000000000007, 6.796628571428616, 6.786342857142891, 3.6665333333334145, 0.0]
[3.0, 4.0, 4.0, 3.0, 3.0, -Infinity]
[8.499100000000801, 5.499800000000178, 4.99840000000053, 9.0, 5.499800000000178, 3.6665333333334145]
[3.0, 3.0, 3.0, 3.0, 3.0, 2.0]
[7.5095428571429, 3.6665333333334145, 8.569500000000202, 9.0, 4.666466666666844, 3.6665333333334145]
[3.0, 3.0, 4.0, 3.0, 3.0, 2.0]
[9.0, 6.885728571428277, 6.797442857142902, 9.0, 6.798214285714332, 3.6665333333334145]
[3.0, 3.0, 3.0, 3.0, 3.0, 2.0]
[5.04116666666639, 6.683066666666829, 9.000000000000002, 7.249400000000365, 7.574250000000703, 5.566466666666844]
[2.0, 2.0, 0.0, 2.0, 2.0, 0.0]
[6.696533333332825, 8.660266666666939, 6.499733333333496, 6.797400000000045, 4.666466666666844, 0.0]
[3.0, 9.0, 4.0, 3.0, 3.0, -Infinity]
[9.0, 7.499250000000702, 8.562642857143057, 9.0, 5.713785714285736, 0.0]
[0.0, 2.0, 3.0, 0.0, 3.0, -Infinity]
[8.302599999998947, 5.499800000000178, 9.0, 7.499250000000702, 8.499100000000801, 6.499733333333496]
[3.0, 3.0, 3.0, 3.0, 3.0, 3.0]
[8.568685714285916, 6.499733333333496, 4.666466666666844, 8.571171428571631, 4.4998666666667475, 0.0]
[2.0, 3.0, 3.0, 3.0, 3.0, -Infinity]
[3.8900142857139937, 6.791442857142897, 4.666466666666845, 5.88688571428542, 9.0, 3.6665333333334145]
[2.0, 2.0, 3.0, 3.0, 2.0, 2.0]
[6.991285714285395, 9.000000000000009, 6.793885714285755, 6.785657142857176, 3.6665333333334145, 0.0]
[4.0, 9.0, 9.0, 3.0, 3.0, -Infinity]
[8.499100000000801, 6.031500000000539, 5.03030000000054, 9.0, 5.499800000000178, 3.6665333333334145]
[3.0, 4.0, 4.0, 3.0, 3.0, 3.0]
[7.509285714285757, 3.6665333333334145, 8.571214285714486, 9.0, 4.666466666666844, 3.6665333333334145]
[3.0, 3.0, 9.0, 4.0, 3.0, 3.0]
[6.7807285714286, 6.893014285713995, 6.7835142857143165, 9.0, 6.793800000000042, 3.6665333333334145]
[3.0, 3.0, 3.0, 3.0, 3.0, 3.0]
[5.061933333333078, 6.683066666666829, 9.000000000000002, 7.249400000000365, 7.574250000000703, 5.566466666666844]
[3.0, 2.0, 3.0, 3.0, 2.0, 2.0]
[6.714866666666145, 8.663600000000276, 6.499733333333496, 6.789471428571465, 4.666466666666844, 0.0]
[3.0, 9.0, 4.0, 3.0, 3.0, -Infinity]
[8.499100000000801, 7.499250000000702, 8.56577142857163, 9.0, 5.705771428571447, 2.6666000000000407]
[2.0, 2.0, 3.0, 2.0, 3.0, 0.0]
[8.499100000000801, 5.499800000000178, 9.0, 7.499250000000702, 8.499100000000801, 6.499733333333496]
[3.0, 3.0, 3.0, 3.0, 3.0, 3.0]
[8.571214285714486, 6.499733333333496, 4.666466666666844, 8.571214285714486, 4.4998666666667475, 2.6666000000000407]
[3.0, 4.0, 3.0, 3.0, 3.0, 2.0]
[3.8846142857139903, 6.7932000000000405, 9.0, 5.709285714285734, 9.0, 0.0]
[2.0, 0.0, 0.0, 0.0, 0.0, -Infinity]
[9.0, 7.9883285714282515, 6.791014285714324, 5.709328571428591, 3.6665333333334145, 0.0]
[3.0, 3.0, 4.0, 3.0, 2.0, -Infinity]
[4.4998666666667475, 9.000000000000002, 4.4998666666667475, 7.499250000000702, 4.153499999998774, 0.0]
[2.0, 2.0, 3.0, 2.0, 2.0, -Infinity]
[7.514171428571476, 3.6665333333334145, 8.571085714285916, 7.05199999999844, 4.2083999999987025, 0.0]
[3.0, 3.0, 3.0, 3.0, 2.0, -Infinity]
[6.798814285714332, 6.796242857142901, 6.7963285714286155, 7.568499999998424, 6.797742857142903, 0.0]
[3.0, 3.0, 3.0, 3.0, 3.0, -Infinity]
[3.9118666666670436, 0.0, 9.0, 7.249400000000364, 0.0, 5.5664666666668445]
[2.0, -Infinity, 0.0, 0.0, -Infinity, -1.0]
[6.706133333332837, 7.8569285714287735, 6.499733333333496, 5.707014285714305, 4.666466666666844, 0.0]
[3.0, 9.0, 3.0, 3.0, 3.0, -Infinity]
[9.000000000000002, 7.175499999998224, 8.57057142857163, 8.751500000002936, 5.712457142857164, 0.0]
[0.0, 0.0, 0.0, 0.0, 2.0, -Infinity]
[4.4998666666667475, 0.0, 4.4998666666667475, 7.499250000000702, 0.0, 6.499733333333496]
[2.0, -Infinity, 3.0, 2.0, -Infinity, -1.0]
[4.4998666666667475, 6.499733333333496, 4.666466666666845, 6.499733333333496, 2.9735999999997906, 0.0]
[2.0, 3.0, 3.0, 3.0, 2.0, -Infinity]
[3.8852142857139924, 6.790500000000038, 9.0, 5.893571428571139, 9.0, 3.6665333333334145]
[2.0, 2.0, 2.0, 2.0, 0.0, -1.0]
[6.998828571428222, 8.144199999999522, 6.792514285714326, 6.7908857142857535, 3.6665333333334145, 0.0]
[3.0, 4.0, 9.0, 3.0, 2.0, -Infinity]
[8.25959999999894, 5.499800000000178, 4.4998666666667475, 9.0, 5.499800000000178, 3.6665333333334145]
[3.0, 3.0, 3.0, 3.0, 2.0, 0.0]
[7.511814285714331, 3.6665333333334145, 9.0, 9.000000000000004, 4.666466666666844, 3.6665333333334145]
[3.0, 3.0, 4.0, 3.0, 2.0, 2.0]
[9.0, 6.80082857142862, 6.794614285714328, 9.0, 6.792471428571469, 3.6665333333334145]
[3.0, 3.0, 3.0, 3.0, 3.0, 2.0]
[5.090633333333106, 6.683066666666829, 9.0, 9.000000000000007, 7.0329999999984665, 5.5664666666668445]
[2.0, 2.0, 0.0, 0.0, 2.0, -1.0]
[6.701599999999498, 8.219999999996283, 9.0, 6.785528571428605, 4.666466666666844, 0.0]
[3.0, 9.0, 3.0, 3.0, 3.0, -Infinity]
[9.000000000000002, 7.499250000000702, 8.571214285714486, 9.0, 5.69638571428573, 0.0]
[0.0, 2.0, 3.0, 0.0, 2.0, -Infinity]
[8.265099999998945, 5.499800000000178, 9.0, 7.499250000000702, 8.171099999998937, 6.499733333333496]
[3.0, 3.0, 3.0, 3.0, 2.0, 0.0]
[8.571214285714486, 6.499733333333496, 4.666466666666845, 8.565300000000201, 4.4998666666667475, 0.0]
[2.0, 3.0, 3.0, 3.0, 2.0, -Infinity]
[3.8922428571425662, 6.796071428571472, 9.0, 5.8883857142854215, 9.0, 3.6665333333334145]
[2.0, 2.0, 2.0, 3.0, 2.0, 0.0]
[6.993942857142528, 9.000000000000007, 6.792685714285755, 6.79808571428576, 3.6665333333334145, 0.0]
[4.0, 9.0, 9.0, 3.0, 3.0, -Infinity]
[8.499100000000801, 5.499800000000178, 5.027100000000538, 9.0, 5.499800000000178, 3.6665333333334145]
[3.0, 4.0, 3.0, 3.0, 3.0, 2.0]
[7.506371428571468, 3.6665333333334145, 8.571214285714486, 9.0, 4.666466666666844, 3.6665333333334145]
[3.0, 3.0, 9.0, 4.0, 3.0, 2.0]
[6.794571428571471, 6.878914285713989, 6.7943571428571845, 9.0, 6.792042857142897, 3.6665333333334145]
[3.0, 3.0, 3.0, 3.0, 3.0, 2.0]
[5.110500000002373, 6.683066666666829, 9.0, 7.249400000000364, 7.574250000000703, 5.5664666666668445]
[3.0, 3.0, 2.0, 2.0, 2.0, 0.0]
[6.727399999999429, 8.648000000000266, 6.499733333333496, 6.788957142857179, 4.666466666666844, 0.0]
[3.0, 9.0, 4.0, 3.0, 3.0, -Infinity]
[8.499100000000801, 7.499250000000702, 8.571214285714486, 9.0, 5.712071428571449, 2.6666000000000407]
[2.0, 2.0, 3.0, 2.0, 3.0, 0.0]
[8.499100000000801, 5.499800000000178, 9.0, 7.499250000000702, 8.499100000000801, 6.499733333333496]
[3.0, 3.0, 3.0, 3.0, 3.0, 3.0]
[8.571214285714486, 6.499733333333496, 4.666466666666845, 8.571214285714486, 4.4998666666667475, 2.6666000000000407]
[3.0, 4.0, 3.0, 3.0, 3.0, 2.0]
