[36.33297372452616, 37.64184599793187, 38.007916689271354, 44.053152534286106, 42.362458703999735]
[34.76548930923837, 36.29747564084187, 37.468401016399596, 45.384889979285596, 46.914293313500096]
[31.661117036464308, 32.59878799868625, 33.60032225250004, 38.583694313334284, 41.02618829399873]
[29.72703481488044, 30.570823371896537, 30.934952132136143, 36.3893713266665, 36.642450225570904]
[33.51831437117939, 34.35957817242459, 34.520598125323296, 40.56686738000049, 40.347980010428735]
[33.37147234141094, 34.184374976471126, 36.00327455214559, 40.82426477899889, 42.93782677749928]
[34.28526169822328, 35.4438001280306, 36.61218664364345, 43.500537824285445, 45.0498154305716]
[31.241468613945717, 32.41376188363351, 32.73754901462981, 39.04713805571581, 38.872119171285966]
[34.23141064021383, 35.106685830586606, 36.37470796990517, 41.72308906649956, 40.73914932600045]
[30.65021972119069, 31.6936202426405, 32.99404220779092, 37.959849599238275, 39.194100498214674]
[55.95713861707765, 56.61434789169442, 56.74149399227281, 66.62837957685858, 67.5974214758579]
[52.70277654957436, 53.72643870291564, 54.98687533049, 69.02306834542894, 69.62617055599992]
[47.9043120639747, 48.61380952708147, 49.67577412656624, 55.0604875559999, 55.35047043599736]
[44.78483482209531, 45.72867012317331, 46.23752556012505, 51.186150466000385, 51.92479808000072]
[49.93432170424928, 50.4830033301873, 50.89688016080349, 61.63269000000028, 314.85695000000044]
[51.36073909447874, 51.69015143802453, 52.96837129379941, 69.5964923749997, 66.53528569499889]
[52.90457372318286, 53.72551532567503, 54.97893787198769, 66.23750623028687, 69.67437418600436]
[47.768952359297025, 48.622061258296156, 49.26017793839336, 58.59700079399857, 58.706186948787305]
[52.410850437951765, 52.73345287469765, 53.64590021450049, 64.21523428749903, 61.65956402124818]
[46.77106206613911, 47.569162271153225, 48.665063761481434, 54.55085198999982, 56.237520079999776]
[60.1544383577427, 61.048273692418284, 61.371168585333876, 71.33925454285844, 74.56733581428666]
[55.21927476918016, 56.559505042584135, 57.893624379775794, 78.45088129214317, 76.57752953085638]
[50.53139138955843, 51.244983002790455, 52.1909076735549, 60.71111908799796, 60.30922314799867]
[47.27846053840559, 48.064225112309394, 48.74161308878918, 56.74511015466723, 58.32927216666749]
[52.43214598474455, 53.133415046623554, 53.69710057353902, 72.59257861028415, 72.62481002285647]
[53.81826457052901, 54.27567756645017, 55.83339151975629, 70.92064141133326, 65.80346023999815]
[55.1781518956885, 56.13767717796501, 57.49151379586418, 75.7947669335242, 90.40297636266546]
[51.84144190793609, 52.707805398486194, 53.523916706361355, 64.86637044457011, 65.08965379257285]
[55.16415943539939, 55.59419766115299, 56.476260210692985, 72.02320500232942, 67.05342127749635]
[49.09450310860128, 49.90437914242762, 51.10650310813301, 60.35050546285665, 60.852686689641885]
[57.362615666292854, 58.69381466356171, 59.146716146181085, 63.66031553257157, 63.599274483856824]
[55.84003940303674, 57.79938787336292, 59.19005273759797, 66.82625900257335, 68.3479585188569]
[47.15277533166997, 48.40816666896915, 49.125780442970516, 54.39513468133202, 54.31341254000037]
[44.29113188497965, 45.34947822011051, 45.525822553297694, 50.73179265142986, 50.09682752000044]
[51.093493726236126, 52.07764301461648, 52.33628890562116, 57.6636079072858, 57.84613399771373]
[50.03489528015151, 50.8397676672855, 52.59316700626504, 57.77039800999973, 58.87821343100077]
[54.880234665305906, 56.229378904853256, 57.64243140699961, 65.74070384381035, 64.13836730495315]
[47.120552531142536, 48.56770246294095, 48.811915291082215, 53.544013639998866, 53.36403716000108]
[52.3610706772922, 53.12244980043227, 54.16585827468633, 59.78710744366643, 59.47790109375128]
[45.32982399446564, 46.63191505290036, 47.84302954246818, 53.268463812668024, 52.90406259733311]
[77.4928221047004, 78.51696138363381, 78.85826505702202, 88.21249887314421, 88.890101637857]
[74.39196027349642, 75.71860779908174, 77.56379855154707, 89.04847443885816, 92.0307382660019]
[64.01218419740621, 65.0641217179907, 66.10367140814148, 72.76146973600736, 70.79483505600317]
[59.928541426355395, 61.177133889365024, 61.662242090890125, 66.8879384331431, 66.65134572000028]
[68.15346533316607, 68.96713675552569, 69.65215550609757, 77.74354999999858, 315.2375499999985]
[68.58082781522735, 69.01976677638189, 70.43151609144462, 85.1908684226654, 76.64145326999221]
[74.11622784253099, 75.15054593560974, 76.63943425707025, 85.75820883352415, 90.04426877866649]
[64.28038113445517, 65.42389426597873, 66.28819187933081, 72.92427232571364, 73.03022024400093]
[70.97919100120663, 71.46291754917786, 72.47526960872258, 83.37627284266713, 78.5728840839978]
[62.11821921585922, 63.3103152921848, 64.3061890907506, 69.84247220428556, 70.43437477328511]
[82.3660759086838, 83.90563201271199, 84.33040154711388, 93.31802674085876, 96.03128363528644]
[77.45778299188602, 79.11759919768144, 81.34794701996714, 98.7062830228588, 97.95865808928528]
[67.30725659563167, 68.33783417199507, 69.44370754897727, 76.53980580000051, 76.84783841199592]
[63.005408090133436, 64.0741113286089, 64.88910435287053, 71.86769307257136, 72.72840100000084]
[71.3147541981277, 72.16231282631355, 73.26397963008768, 89.66614483842666, 441.1980300000035]
[71.9397633722165, 72.53168891224527, 74.14689857749686, 86.57008053616691, 81.75210645499675]
[76.95164823540054, 77.97520708119272, 80.09253318873955, 95.38071601504997, 108.06607757110655]
[68.85849053338721, 70.14292071745714, 71.2766003400046, 80.3524636217162, 80.26225823142845]
[74.72222716535462, 75.25121839699675, 76.27780733427475, 89.7207367693301, 392.61992000000026]
[64.95533543573629, 66.07534334681425, 67.51737037929743, 75.29034316457222, 78.58977215571421]
