
====================================
3587.301894105661
3917.2923977715545
4075.4444015720883
5540.015998623178
5966.723909823939
6178.988422359682
8288.176718658378
9005.180505830893
9336.145898498527
13187.050871938138
14016.508927327164
14388.570950992429
3825.2546778858054
4295.18970534931
4537.684862268089
5751.347018290071
6372.977509266115
6689.481202562511
8471.430093325282
9395.753833888919
9875.647886745051
13228.198399914025
14448.177367675018
15064.097990558275
4083.6494583168924
4647.802494427448
4971.411042057258
5976.168244339779
6731.351645516258
7129.784545126096
8697.853907657522
9758.0470129363
10334.665536372924
13324.276246507605
14845.624324297114
15648.168214403593

====================================
3884.4437875735644
4179.265240673951
4323.852957637179
5494.694442355636
6077.982463531832
6302.313258943717
8494.610397230748
9091.09282430745
9341.495015069944
12951.516682190184
14449.781913749139
14796.796004260515
4043.734165125913
4487.076888330696
4719.715319584512
5655.751991010257
6393.009581192697
6701.1615471942205
8642.598940199787
9430.45801183688
9833.334046946218
13046.758613017982
14754.89323212735
15265.994490712803
4190.757077814127
4767.727397384649
5083.889393442919
5835.883045739114
6668.644426551981
7080.482343234418
8727.306877061643
9709.67146873752
10223.274126261538
13164.803946320433
14901.22314335073
15605.704687667276

====================================
4269.954502019806
4532.4215023652105
4664.189615904997
6068.7439775068115
6652.96692402047
6853.461583824894
8674.26901973882
9704.202961430457
9982.053823270153
13131.836101268367
14704.20576256744
15116.432776742473
4358.29599775557
4830.427987605603
5086.189258756585
6114.350807700966
6879.060110311999
7222.174546166192
8753.251849114655
9837.734894730587
10322.7154879055
13177.181310182057
14830.423829719644
15344.81324959853
4432.539282510477
5050.408797374439
5403.1461452817275
6185.629958521598
7051.5418980460745
7497.212193074257
8812.75234743661
9977.77473862775
10539.562729590369
13234.925907239833
14936.972931272801
15616.16274664227

====================================
3892.4272487521635
4218.6049509024115
4392.052897514882
5633.216188773924
6206.933279646102
6457.916369067308
8216.609727894698
9235.298703977542
9656.272472656792
13216.885290151089
14238.129009434093
14863.311438947883
4035.380528044702
4553.314437388386
4838.399296821386
5722.204059519593
6528.050561956934
6908.953695321177
8340.750589042826
9490.827018795211
10052.058680863092
13310.888481467986
14559.444284910058
15341.083428948628
4153.316901901365
4816.197166581222
5198.912973862314
5819.802510392607
6741.0854106451425
7230.667168366061
8464.974217259027
9673.093119300433
10319.751813135703
13359.640367272548
14829.395971097796
15715.14162437436

====================================
4055.7096454513617
4372.857428857587
4511.388259629035
5846.089150963941
6456.41014307852
6679.465769281886
8431.987872178295
9465.142037171412
9815.105704048994
13431.806047966475
14479.759072635325
15040.420116275962
4181.242331930927
4706.79476048729
4962.647340731261
5901.622162506428
6740.472913761071
7109.893503285954
8522.62920932188
9682.871444565419
10251.903399662475
13471.31522756333
14738.244250929458
15428.925054125486
4281.376887304716
4956.929596037797
5314.940597807509
5985.7904273971635
6924.639853330144
7411.7576951009105
8630.997912921332
9849.667058006184
10513.009461689939
13470.633175904928
14959.472144323363
15776.319639476533

====================================
4356.724226788799
4570.2354739938555
4692.900002733622
6080.032308370191
6731.548249267535
6906.3116808838995
8702.692097467028
9775.790528978396
10094.51178952395
13326.931657227175
14775.792335527562
15097.90476444786
4406.730923084619
4914.694218466966
5164.028539210821
6157.0474238738625
6993.200604630427
7341.85060523216
8761.634105954547
9895.729708281155
10398.163178876497
13334.697762054515
14896.046082116367
15410.47727281032
4469.816445995007
5110.5663986493955
5478.681215031508
6227.510283641506
7131.615808312973
7584.907788620528
8814.660751879312
10037.392742127104
10617.416193672296
13346.0619174889
15003.968516095738
15670.913327055006
