
====================================

====================================
std = 0.1
K = 250.0
p = 2.0
3848.200828791334
3573.085117517306
3687.8251665540633
3604.112355559803
3675.7342237819416
3786.781175163745
3641.5962499679727
3527.391301585147
3779.064507641593
3823.946315554183
3834.2272823382536
3673.4571571793417
3659.9526192633507
3640.4686114107635
3627.0790254014805
3674.4716908717996
3830.085117517306
3651.46300406972
3685.752430495436
3669.2985074767657
3725.3962653017024
3670.165797629469
3609.572868453369
3641.5427216325834
4096.049077252725
3480.1357370744063
3598.164477448415
3830.194736675508
3746.7666574038585
3609.049077252726
3675.060706647157
3679.903264719327
3611.4716908718005
3753.1430920571634
3717.672054205886
3601.852512343087
3629.925924700532
3588.939172164768
3777.194736675507
3672.8302961205914
3835.4389171902594
3810.27528389256
3777.3108132547673
3558.5583506934818
3583.549000697418
3670.5041221754714
3930.0851175173066
3551.0790254014805
3564.968111210807
3728.345570899399
3799.161900161297
3955.2338581758954
3830.0620268282105
3737.5771471593453
3495.129354133072

====================================
std = 0.2
K = 250.0
p = 2.0
4063.794866656649
3657.44224782306
3704.991961641565
3799.186088960523
3735.3411273606544
3774.182063809954
3922.178576663503
3592.4685141263544
4029.977129223661
3864.315701303707
3961.4809756500827
4207.243886412826
3810.9076479383134
3933.093956801573
3754.034371927703
3770.6733370364636
3839.4419144884096
3819.1783037628493

====================================
std = 0.3
K = 250.0
p = 2.0
4150.082203134855
4017.6614684500237
3852.1182270316913
4211.156430584971
3764.3245815267614
3900.06664593302
4125.533718872913
4433.394118838272
4268.291552716194
4174.708937157036
p = 5.0
5013.6269126730795
5148.35227128633
4687.243801127951
4815.353640778987
4449.01420141001
4947.227869414545
4593.97680760931
4990.560003145478
5010.673534179361
4513.74306508493




====================================
std = 0.3
K = 250.0
p = 10.0
4843.199986112687
5586.42897521289
5090.9964209162235
5110.421559677481
5097.199986112689
4982.920706534146
4809.192885522043
4898.912464796688
4862.1303108977545
5491.910388710192

====================================
std = 0.3
K = 500.0
p = 2.0
7486.309367228207
6436.188156331332
6180.975150164197
7428.973529825908
6181.3717325251755
6959.40061338547
8266.341773959197
6613.14442487317
6964.623654518751
6354.138360316553

====================================
std = 0.3
K = 500.0
p = 5.0
6653.482209809628
6957.356092410691
6804.872560729114
6600.313419159472
6408.472670933401
6631.005983159884
6844.365305115275
7151.624628962882
6505.890601497265
6922.343697197248

====================================
std = 0.1
K = 500.0
p = 2.0
5766.158253138437
6938.262223172862
5887.312496511298
5850.403629994538
5845.067582402309
7223.3213165687985
5750.919500495291
5651.314295779966
5911.58601006969
5683.632282869928
p = 5.0
6057.835066843269
5853.507162027728
6436.253929555093
6021.390900625861
5746.011476807276
6440.971780891995
5874.094330423245
6085.917737059515
5906.091218994346
5887.245891645154
p = 10.0
5965.722425064396
6034.970988950913
6260.545538379399
6406.428136451027
6523.738625066449
6073.831644940697
6004.746072638094
6008.645949672612
5955.148189091435
6224.831644940699

====================================
std = 0.1
K = 1000.0
p = 2.0
14203.872797076918
11231.63335902491
11751.518361028682
11222.460247919233
11326.63335902491
11466.63335902491
12734.679283845986
12346.742102926775
11536.414319602432
11212.277758781636
p = 5.0
12685.161384235871
14021.46650179466
13047.778599719208
11125.28587522754
11316.039532943327
11395.98322837481
12965.268835426012
11953.726503696882
12695.956737501469
11464.002560237666
p = 10.0
11495.151670888048
11451.39165761232
10328.281783777898
12724.03217507856
12464.615262556194
11766.151670888048
11796.977852275519
11754.151670888048
12147.910210092763
11546.615262556195

====================================
std = 0.1
K = 2000.0
p = 2.0
29633.6269390503
28826.6269390503
23357.95853315122
29654.6269390503
29500.6269390503
31248.6269390503
27275.6269390503
27540.6269390503
31154.6269390503
30169.6269390503
p = 5.0
45249.33100416517
24087.968580633547
22093.968580633547
19169.620594453463
21496.833528288334
19440.31794760073
21770.458816340353
23452.6137507844
21931.170082729343
19541.27366298586
p = 10.0
19495.151670888044
19451.391657612316
22724.160042309217
21724.032175078562
20464.615262556195
19766.151670888044
20796.97785227552
19754.151670888044
20147.910210092763
19546.615262556195

====================================
std = 0.3
K = 500.0
p = 10.0
7450.742467798335
7357.536307160901
6743.34312206473
7214.26251015531
7244.913807088128
6958.546705090179
6735.867752782384
7899.900141541785
6841.662296880141
7490.430987243375

====================================
std = 0.3
K = 1000.0
p = 2.0
14446.113174915112
12639.46296142713
12396.89100542806
14567.282312326233
19862.58888066212
15795.946475891109
13386.446828250946
9208.785918292118
20868.1181735417
13273.186663085158
p = 5.0
18661.48213347653
14586.698765568874
16103.396700013382
14135.561153404778
11657.899603514707
13886.510263798862
13288.98097091928
10819.863143428087
14464.256340621256
13091.133630454182
p = 10.0
13391.106193508444
11969.505765370755
11497.141018084956
11545.303106221016
15533.961069317627
13210.190437513786
10021.977587747242
14787.02077115441
14918.287736158709
14279.606042026182

====================================
std = 0.3
K = 2000.0
p = 2.0
30298.01302630383
29797.010020233713
23267.0070141636
30444.01302630383
29801.011022257087
33457.01302630383
24577.011022257087
21965.010020233716
39042.01102225709
36031.01302630383
p = 5.0
60294.05017874328
23586.698765568894
37221.49898947645
21754.90624940356
20888.405902743667
22886.51026379886
22288.980970919278
21520.71951247645
31280.361071050564
89599.0
p = 10.0
24422.33066392108
25169.227593594816
21386.68157237044
30486.694327234763
26779.18080345089
21511.620797442592
18695.3881934188
24425.099287590583
25740.898003173592
23001.56359497818

====================================
std = 0.1
K = 250.0
p = 5.0
3840.2759725173246
3932.5787579094354
4124.082910044138
3978.5480310963776
3870.9305276976474
4065.2636467331254
3895.1898230682605
3947.6647572479787
3934.6667002660106
3915.6317252138015
p = 10.0
4122.323190118517
4350.83967691966
4248.323190118517
4072.3545597683624
3964.9004435361885
3928.978144866376
3955.9004435361876
4291.978144866374
4172.661954133907
4139.227797780638

====================================
std = 0.2
K = 500.0
p = 2.0
6079.796736371045
6421.537905807272
6420.1747620742535
7135.868855844945
5984.5948437075385
6126.82022190643
5970.554657200365
5550.174093633608
6208.358657526091
5641.8184231655105
p = 5.0
6607.022257957447
6334.576260457977
6604.791063473024
6641.781801251718
6082.584890017076
6404.943561783987
6293.18866084649
6030.5523265029515
6430.356774779729
6195.4917832903075
p = 10.0
6514.676375137344
6704.180557619498
6948.297446989585
6980.5353901168655
7270.862488333205
6310.620902964707
6376.591637357553
6824.707785841711
6379.42508019687
6743.721855426169
K = 1000.0
p = 2.0
14561.582893370782
12798.934056268015
13199.424672076027
15997.770165981761
13200.185002878205
10115.814294710206
11373.117383336035
10824.092847605156
12357.488771499566
11924.416024089465
p = 5.0
13441.122537503574
12261.270771749845
13552.043435957828
13962.14617731134
13319.638156586496
13484.185234484117
12957.313090023576
12518.872420624899
12528.653980612855
13986.694443024253
p = 10.0
13421.406777574139
11485.802532669939
9792.543213977526
10913.919660006803
15254.159371149437
12275.919660006803
13765.477127271673
11084.743842762899
10185.07261079037
10385.38944326884
K = 2000.0
p = 2.0
35468.34201753589
20445.873778909856
34533.67401483806
35049.34001348915
27807.67401483806
34494.67401483806
30435.67401483806
32464.67401483806
20962.873778909856
28305.67401483806
p = 5.0
21735.997969779903
22588.59924845012
19143.007035566647
20047.545786004677
25735.264158094637
27579.56310829072
27701.132852381423
21530.55064995458
19344.10749815077
19947.12184824217
p = 10.0
19260.610123876097
25196.1612146541
21528.274046518913
22741.88482098643
22595.991703715932
17921.81565801652
22868.337428825518
23934.628747447277
17894.78877910505
24316.252281368827

====================================
std = 0.2
K = 250.0
p = 2.0
4063.794866656649
3657.44224782306
3704.991961641565
3799.186088960523
3735.3411273606544
3791.7441217516593
3922.178576663503
3592.4685141263544
4029.977129223661
3864.315701303707
p = 5.0
4573.795419746716
4734.653049258522
4285.538238321159
4698.004059556012
4310.501892327782
4426.541406668792
4643.6787968249555
4633.796417054311
4282.518275688916
4258.2397652451655

====================================instance 6====================================
std = 0.1
K = 250.0
p = 2.0
4689.0334461409575
4484.649866081235
4562.0
4501.0
4600.999999999998
4561.232839880555
4330.999999999999
4326.0
4453.232839880555
4386.0
p = 5.0
4650.3014803583355
4684.232839880555
4753.424879794968
4419.698519641664
4781.4248797949695
4857.320066524025
4717.95920003386
4614.698519641657
4627.807960085587
4589.534320238893

====================================
std = 0.1
K = 500.0
p = 2.0
6051.80812667529
5962.80812667529
6000.383746649425
6090.913855857592
6029.383746649424
6146.232506701154
6044.80812667529
5951.9593666235605
6258.232506701154
5973.95936662356
p = 5.0
7503.752826597693

====================================
std = 0.1
K = 1000.0
p = 2.0

====================================2---------------------------
std = 0.1
K = 250.0
p = 2.0
4019.4020136797617
3896.057503454797
3903.1286459032594
3886.6867625879136
3836.382053679029
3894.6565244597273
3866.602984383191
3852.168520308976
3907.957533060364
3830.5294364056945
p = 5.0
4423.2814003114045
4123.132528459836
4998.5248419097925
4210.655768396901
4324.3628935314355
4133.9437950383835
3989.6557683969017
4236.877790370104
4243.476165383005
4318.980182347539
p = 10.0
4329.040685852977
4420.305156583345
4361.02828397343
4391.746806152824
4430.733297135996
4287.247290192652
4623.700479168365
4549.420772910934
4392.581296221916
4323.862422480422

====================================
std = 0.1
K = 500.0
p = 2.0
5783.0976236609295
5556.238602262169
5435.485882293635
5573.983523912668
5492.761397737829
5559.514117706363
5481.952879959495
5459.714277697325
5492.5141177063615
5524.7449216505
p = 5.0
7058.417748975723
6321.1664851467185
6521.865960487549
6276.343776712366
6342.969408626869
6341.540853232217
6223.1664851467185
6141.758696781179
6205.383217783744
6643.084778682285
p = 10.0
6367.921192061212
6507.190005469543
6191.283083724129
6610.190005469543
6514.1900054695425
6362.283083724127
6482.09692721496
6323.921192061216
6449.283083724127
6385.458818877874

====================================
std = 0.1
K = 1000.0
p = 2.0
11146.045590951318
16995.99409213579
12133.996742069927
10989.709365028222
11193.709365028224
13015.519537545588
15423.300956698928
15806.091181902648
11270.470762766055
10977.408464448014
p = 5.0
14400.975411290965
13088.975411290963
11880.481215519674
12068.036275506222
13096.023572195056
13032.285214045683
12826.975411290963
10810.665745479104
12147.60772011157
13155.465149431873
p = 10.0
10326.052509443032
10339.57087246649
10601.257929745403
11323.43366489915
11434.996157235362
10307.663950721073
10461.477794211905
12418.16485149082
10346.663950721071
10678.27943912181


====================================
std = 0.1
K = 2000.0
p = 2.0
25026.28600259353
21500.229695559952
19024.71527476518
21398.709625993022
21653.229695559952
24891.192555264093
21456.43924480648
18996.05245551231
21909.229695559952
21713.839443464545
p = 5.0
27359.10870166933
23459.70070147505
24044.3860226217
23121.70070147505
23130.03810993349
27334.179293405174
28653.559687895733
20109.74481947028
23544.347912688212
28685.559687895733
p = 10.0
19399.545718487745
19594.54571848775
20471.232775766664
20255.97100325662
19423.220552871746
19319.638796742332
19397.015132569377
20786.501589174994
19944.638796742332
21302.53349559283

====================================
std = 0.2
K = 250.0
p = 2.0
4142.488143055766
4323.579353928413
4053.897073407722
4143.224424649712
3939.5520848694573
4287.0412154443875
3988.07715591767
4227.306067394929
4011.0575248065234
4221.215866975772
p = 5.0
5213.780643498726
4359.564764839365
5106.273647299761
4321.570657437011
4765.025494982567
4539.084358253696
4352.084629043821
4671.467853851291
4428.449565154606
5295.032578295613
p = 10.0
4972.882945584445
5063.894791824995
4725.161521423331
4968.815864273472
5071.377588282172
4925.38573891843
4836.876157313218
5086.326714392615
4803.478153687967
4868.900856057618
K = 500.0
p = 2.0
5691.976867202138
5597.4653008032055
5431.057145469862
5920.38502253548
5566.528572734933
5482.8795825984125
5821.4653008032055
5418.025153856628
5801.017006336002
5618.959860866139
p = 5.0
6548.016627284529
6390.118541467853
6534.047995726376
6686.921966952394
6386.039693494651
6712.613969036452
6576.258798895957
6516.430880460173
6371.031988931329
7026.230737893324

====================================
std = 0.2
K = 500.0
p = 10.0
6731.152913171789
6854.259353351472
7328.856442910521
7289.753104324942
6342.10379426492
6748.842384122425
6350.856442910523
7324.19385442992
7070.739658895318
6798.690539988447

====================================
std = 0.1
K = 250.0
p = 2.0
4776.788137272019
4414.452667300349
4420.093057452649
4249.7750996816385
4197.770799686199
4346.005573318691
4417.210704110183
4217.045550699796
4277.021652846997
4247.128957941921
p = 5.0
4841.949671505731
4610.738888761936
4758.267457342718
4363.750201551
4723.52217612988
4551.442327840792
4374.488545587826
4690.75899660598
4505.135257040642
5073.337287991685


====================================
std = 0.1
K = 250.0
p = 10.0
4579.141053171992
5049.296337805883
5013.90070958294
4658.141053171996
4583.14105317199
4530.1410531719885
4675.734455437275
4917.747030478594
4907.220923944833
4742.296337805881


