

====================================
std = 0.2
K = 250.0
p = 2.0
160.574
194.848
214.239
261.919
302.868
307.637
325.633
339.787
396.371
436.973
467.682
561.831
549.755
566.288
690.643
612.183
636.01
609.21

====================================
std = 0.3
K = 250.0
p = 2.0
180.978
204.544
208.062
289.065
333.018
335.629
349.017
338.29
427.928
446.904
p = 5.0
539.408
539.255
577.914
620.875
700.854
667.599
711.379
604.538
839.519
777.528




====================================
std = 0.3
K = 250.0
p = 10.0
247.433
283.589
298.658
395.301
434.106
572.044
548.346
632.074
746.342
799.729

====================================
std = 0.3
K = 500.0
p = 2.0
130.228
110.715
153.781
180.489
216.928
249.353
247.912
271.564
323.319
311.588

====================================
std = 0.3
K = 500.0
p = 5.0
128.198
127.845
149.972
210.989
213.585
243.597
225.683
223.087
283.314
319.854

====================================
std = 0.1
K = 500.0
p = 2.0
108.215
135.964
169.681
190.965
196.155
259.471
223.456
248.2
279.702
294.002
p = 5.0
340.818
372.671
445.017
412.401
468.368
502.479
526.495
503.114
463.527
489.312
p = 10.0
512.87
539.861
614.139
602.228
612.662
661.552
609.117
621.038
677.84
661.831

====================================
std = 0.1
K = 1000.0
p = 2.0
74.409
74.799
77.164
89.205
92.766
123.478
130.913
140.578
155.434
157.182
p = 5.0
145.389
163.126
164.431
155.06
152.825
161.182
193.574
171.21
208.017
197.284
p = 10.0
220.418
219.921
244.041
239.292
244.069
257.15
277.686
284.706
312.393
273.695

====================================
std = 0.1
K = 2000.0
p = 2.0
56.948
56.083
67.458
76.014
83.183
89.697
88.833
90.885
99.58
100.301
p = 5.0
131.737
137.631
139.646
133.189
154.379
155.983
170.524
178.619
195.052
182.067
p = 10.0
162.719
165.202
205.736
174.969
180.735
188.779
208.157
208.498
222.206
206.588

====================================
std = 0.3
K = 500.0
p = 10.0
167.549
173.427
159.166
252.133
265.378
334.429
284.357
316.395
379.832
461.527

====================================
std = 0.3
K = 1000.0
p = 2.0
86.127
76.428
85.471
146.33
148.984
193.295
170.586
144.265
171.419
210.832
p = 5.0
224.714
184.386
251.78
235.55
180.076
207.921
224.424
200.566
233.666
283.136
p = 10.0
317.742
303.922
312.176
296.213
300.362
382.892
331.226
383.949
364.053
309.632

====================================
std = 0.3
K = 2000.0
p = 2.0
63.298
44.169
42.807
68.929
66.624
76.113
75.353
71.407
83.037
88.375
p = 5.0
131.359
133.414
177.448
162.382
147.464
167.544
189.537
214.118
217.24
200.229
p = 10.0
188.432
206.694
207.913
278.031
233.33
257.838
250.779
261.662
283.342
240.253

====================================
std = 0.1
K = 250.0
p = 5.0
180.592
200.349
276.684
324.588
367.383
411.02
417.591
441.405
511.565
593.264
p = 10.0
784.006
930.642
865.554
733.591
813.495
912.65
1126.221
1045.773
1094.027
948.088

====================================
std = 0.2
K = 500.0
p = 2.0
126.529
138.444
156.501
201.738
219.293
250.336
245.249
262.818
312.934
322.56
p = 5.0
347.354
374.273
347.011
404.011
555.405
578.337
587.589
568.258
543.493
486.263
p = 10.0
626.385
677.828
760.527
794.578
820.408
836.369
755.771
738.311
790.454
784.509
K = 1000.0
p = 2.0
534.516
541.306
600.307
648.676
611.94
514.258
482.815
481.88
553.667
480.072
p = 5.0
494.022
436.597
461.215
520.867
502.289
579.725
599.513
569.312
562.035
632.183
p = 10.0
710.28
596.932
616.303
570.443
754.396
620.711
653.011
625.835
668.067
717.624
K = 2000.0
p = 2.0
544.916
584.015
502.042
456.038
573.332
510.808
568.322
547.553
587.784
525.073
p = 5.0
645.081
711.277
677.536
610.415
837.148
812.788
959.92
873.821
832.836
856.68
p = 10.0
647.377
748.402
680.039
671.547
607.921
537.416
686.018
657.231
506.654
713.675

====================================
std = 0.2
K = 250.0
p = 2.0
148.683
165.83
196.083
248.535
297.972
337.896
348.27
347.938
409.907
449.399
p = 5.0
541.464
722.044
712.998
690.63
718.655
648.196
718.344
628.861
853.367
860.752

====================================instance 6========================================
std = 0.1
K = 250.0
p = 2.0
193.067
292.328
328.615
330.859
387.396
395.551
448.162
510.809
540.336
553.512
p = 5.0
772.05
875.757
778.244
764.42
768.229
850.949
984.309
980.564
1061.346
1003.894

====================================
std = 0.1
K = 500.0
p = 2.0
117.872
151.055
180.36
190.473
206.721
218.804
240.792
242.681
258.261
282.696
p = 5.0
343.626

====================================
std = 0.1
K = 1000.0
p = 2.0

====================================2-----------------------
std = 0.1
K = 250.0
p = 2.0
154.768
149.604
170.669
237.824
249.477
287.939
303.998
312.835
346.884
386.807
p = 5.0
451.513
504.131
645.957
693.595
703.692
614.491
584.222
539.968
626.332
791.786
p = 10.0
945.42
951.315
926.037
787.203
839.418
909.23
1091.5
1133.175
1174.309
1214.163

====================================
std = 0.1
K = 500.0
p = 2.0
99.032
96.315
115.123
148.72
155.812
170.695
176.779
176.424
201.706
208.377
p = 5.0
234.204
244.846
233.61
260.23
295.505
309.73
317.719
292.1
344.411
347.868
p = 10.0
371.907
390.989
421.211
408.901
398.182
396.009
389.508
413.68
450.926
462.976

====================================
std = 0.1
K = 1000.0
p = 2.0
65.838
68.811
79.203
97.986
106.149
134.461
113.547
110.196
124.996
136.228
p = 5.0
148.758
162.962
140.149
156.224
165.251
168.583
182.213
171.677
202.192
202.591
p = 10.0
220.513
234.687
250.4
245.053
262.45
285.478
294.884
330.658
453.25
399.146


====================================
std = 0.1
K = 2000.0
p = 2.0
51.871
60.467
61.441
70.365
81.296
76.038
87.864
90.075
106.061
84.911
p = 5.0
126.778
133.451
122.277
141.04
169.831
167.536
184.512
169.046
204.128
198.852
p = 10.0
178.546
188.743
204.142
189.173
186.483
214.683
209.135
227.548
245.629
217.764

====================================
std = 0.2
K = 250.0
p = 2.0
133.554
130.283
138.811
176.943
202.218
215.774
241.951
242.999
277.565
295.035
p = 5.0
372.571
410.743
451.686
479.906
524.719
567.485
604.151
569.915
594.744
622.167
p = 10.0
751.751
754.717
920.911
849.364
833.041
859.206
926.657
960.244
972.215
1053.761
K = 500.0
p = 2.0
533.137
537.194
540.341
501.202
537.862
497.127
548.225
549.736
594.559
598.908
p = 5.0
786.81
834.796
752.871
791.313
724.588
930.811
783.122
769.573
777.586
848.356

====================================
std = 0.2
K = 500.0
p = 10.0
124.845
125.764
138.348
184.93
177.706
214.1
193.06
197.998
221.476
243.882

====================================
std = 0.1
K = 250.0
p = 2.0
156.8
242.183
264.111
254.062
297.737
320.31
345.275
386.748
381.659
426.623
p = 5.0
544.929
606.604
639.898
692.69
727.662
744.742
740.209
758.797
846.495
909.231


====================================
std = 0.1
K = 250.0
p = 10.0
225.449
264.656
348.803
374.918
435.68
434.153
464.509
485.379
666.615
748.365


