5524.018078
5514.018078
5504.018078
5494.018078
5484.018078
5474.018078
5464.018078
5454.018078
5444.018078
5434.018078
5424.018078
5414.018078
5404.018078
5394.018078
5384.018078
5374.018078
5364.018078
5354.018078
5344.018078
5334.018078
5324.018078
5314.018078
5304.018078
5294.018078
5284.018078
5274.018078
5264.018078
5254.018078
5244.018078
5234.018078
5224.018078
5214.018078
5204.018078
5194.018078
5184.018078
5174.018078
5164.018078
5154.018078
5144.018078
5134.018078
5124.018078
5114.018078
5104.018078
5094.018078
5084.018078
5074.018078
5064.018078
5054.018078
5044.018078
5034.018078
5024.018078
5014.018078
5004.018078
4994.018078
4984.018078
4974.018078
4964.018078
4954.018078
4944.018078
4934.018078
4924.018078
4914.018078
4904.018078
4894.018078
4884.018078
4874.018078
4864.018078
4854.018078
4844.018078
4834.018078
4824.018078
4814.018078
4804.018078
4794.018078
4784.018078
4774.018078
4764.018078
4754.018078
4744.018078
4734.018078
4724.018078
4714.018078
4704.018078
4694.018078
4684.018078
4674.018078
4664.018078
4654.018078
4644.018078
4634.018078
4624.018078
4614.018078
4604.018078
4594.018078
4584.018078
4574.018078
4564.018078
4554.018078
4544.018078
4534.018078
4524.018078
4514.018078
4504.018078
4494.018078
4484.018078
4474.018078
4464.018078
4454.018078
4444.018078
4434.018078
4424.018078
4414.018078
4404.018078
4394.018078
4384.018078
4374.018078
4364.018078
4354.018078
4344.018078
4334.018078
4324.018078
4314.018078
4304.018078
4294.018078
4284.018078
4274.018078
4264.018078
4254.018078
4244.018078
4234.018078
4224.018078
4214.018078
4204.018078
4194.018078
4184.018078
4174.018078
4164.018078
4154.018078
4144.018078
4134.018078
4124.018078
4114.018078
4104.018078
4094.018078
4084.018078
4074.018078
4064.018078
4054.018078
4044.018078
4034.018078
4024.018078
4014.018078
4004.018078
3994.018078
3984.018078
3974.018078
3964.018078
3954.018078
3944.018078
3934.018078
3924.018078
3914.018078
3904.018078
3894.018078
3884.018078
3874.018078
3864.018078
3854.018078
3844.018078
3834.018078
3824.018078
3814.018078
3804.018078
3794.018078
3784.018078
3774.018078
3764.018078
3754.018078
3744.018078
3734.018078
3724.018078
3714.018078
3704.018078
3694.018078
3684.018078
3674.018078
3664.018078
3654.018078
3644.018078
3634.018078
3624.018078
3614.018078
3604.018078
3594.018078
3584.018078
3574.018078
3564.018078
3554.018078
3544.018078
3534.018078
3524.018078
3514.018078
3504.018078
3494.018078
3484.018078
3474.018078
3464.018078
3454.018078
3444.018078
3434.018078
3424.018078
3414.018078
3404.018078
3394.018078
3384.018078
3374.018078
3364.018078
3354.018078
3344.018078
3334.018078
3324.018078
3314.018078
3304.018078
3294.018078
3284.018078
3274.018078
3264.018078
3254.018078
3244.018078
3234.018078
3224.018078
3214.018078
3204.018078
3194.018078
3184.018078
3174.018078
3164.018078
3154.018078
3144.018078
3134.018078
3124.018078
3114.018078
3104.018078
3094.018078
3084.018078
3074.018078
3064.018078
3054.018078
3044.018078
3034.018078
3024.018078
3014.018078
3004.018078
2994.018078
2984.018078
2974.018078
2964.018078
2954.018078
2944.018078
2934.018078
2924.018078
2914.018078
2904.018078
2894.018078
2884.018078
2874.018078
2864.018078
2854.018078
2844.018078
2834.018078
2824.018078
2814.018078
2804.018078
2794.018078
2784.018078
2774.018078
2764.018078
2754.018078
2744.018078
2734.018078
2724.018078
2714.018078
2704.018078
2694.018078
2684.018078
2674.018078
2664.018078
2654.018078
2644.018078
2634.018078
2624.018078
2614.018078
2604.018078
2594.018078
2584.018078
2574.018078
2564.018078
2554.018078
2544.018078
2534.018078
2524.018078
2514.018078
2504.018078
2494.018078
2484.018078
2474.018078
2464.018078
2454.018078
2444.018078
2434.018078
2424.018078
2414.018078
2404.018078
2394.018078
2384.018078
2374.018078
2364.018078
2354.018078
2344.018078
2334.018078
2324.018078
2314.018078
2304.018078
2294.018078
2284.018078
2274.018078
2264.018078
2254.018078
2244.018078
2234.018078
2224.018078
2214.018078
2204.018078
2194.018078
2184.018078
2174.018078
2164.018078
2154.018078
2144.018078
2134.018078
2124.018078
2114.018078
2104.018078
2094.018078
2084.018078
2074.018078
2064.018078
2054.018078
2044.018078
2034.018078
2024.018078
2014.018078
2004.018078
1994.018078
1984.018078
1974.018078
1964.018078
1954.018078
1944.018078
1934.018078
1924.018078
1914.018078
1904.018078
1894.018078
1884.018078
1874.018078
1864.018078
1854.018078
1844.018078
1834.018078
1824.018078
1814.018078
1804.018078
1794.018078
1784.018078
1774.018078
1764.018078
1754.018078
1744.018078
1734.018078
1724.018078
1714.018078
1704.018078
1694.018078
1684.018078
1674.018078
1664.018078
1654.018078
1644.018078
1634.018078
1624.018078
1614.018078
1604.018078
1594.018078
1584.018078
1574.018078
1564.018078
1554.018078
1544.018078
1534.018078
1524.018078
1514.018078
1504.018078
1494.018078
1484.018078
1474.018078
1464.018078
1454.018078
1444.018078
1434.018078
1424.018078
1414.018078
1404.018078
1394.018078
1384.018078
1374.018078
1364.018078
1354.018078
1344.018078
1334.018078
1324.018078
1314.018078
1304.018078
1294.018078
1284.018078
1274.018078
1264.018078
1254.018078
1244.018078
1234.018078
1224.018078
1214.018078
1204.018078
1194.018078
1184.018078
1174.018078
1164.018078
1154.018078
1144.018078
1134.018078
1124.018078
1114.018078
1104.018078
1094.018078
1084.018078
1074.018078
1064.018078
1054.018078
1044.018078
1034.018078
1024.018078
1014.018078
1004.018078
994.0180778
984.0180778
974.0180778
964.0180778
954.0180778
944.0180778
934.0180778
924.0180778
914.0180778
904.0180778
894.0180778
884.0180778
874.0180778
864.0180778
854.0180778
844.0180778
834.0180778
824.0180778
814.0180778
804.0180778
794.0180778
784.0180778
774.0180778
764.0180778
754.0180778
744.0180778
734.0180778
724.0180778
714.0180778
704.0180778
694.0180778
684.0180778
674.0180778
664.0180778
654.0180778
644.0180778
634.0180778
624.0180778
614.0180778
604.0180778
594.0180778
584.0180778
574.0180778
564.0180778
554.0180778
544.0180778
534.0180778
524.0180778
514.0180778
504.0180778
494.0180778
484.0180778
474.0180778
464.0180778
454.0180778
444.0180778
434.0180778
424.0180778
414.0180778
404.0180778
394.3827316
386.4458366
378.5089416
370.5720466
362.6351516
354.9598558
350.4598558
345.9598558
341.4598558
336.9598558
335.6351516
334.5720466
333.5089416
332.4458366
331.3827316
332.0180778
333.0180778
334.0180778
335.0180778
336.0180778
337.0180778
338.0180778
339.0180778
340.0180778
341.0180778
342.0180778
343.0180778
344.0180778
345.0180778
346.0180778
347.0180778
348.0180778
349.0180778
350.0180778
351.0180778
352.0180778
353.0180778
352.5818359
345.6449409
338.7080459
331.7711509
324.8342559
317.8973609
313.1681013
309.6681013
306.1681013
302.6681013
299.1681013
295.6681013
292.1681013
288.6681013
285.1681013
282.8973609
282.8342559
282.7711509
282.7080459
282.6449409
282.5818359
282.5187309
282.4556259
282.3925209
282.3294159
282.2663109
282.2032059
284.104794
286.104794
288.104794
290.104794
292.104794
294.104794
296.104794
298.104794
300.104794
302.104794
304.104794
306.104794
308.104794
310.104794
312.104794
314.104794
316.104794
318.104794
320.104794
322.104794
324.104794
326.104794
328.104794
330.104794
332.104794
334.104794
336.104794
338.104794
340.104794
342.104794
344.104794
346.104794
348.104794
350.104794
352.104794
354.104794
356.104794
358.104794
360.104794
362.104794
364.104794
366.104794
368.104794
370.104794
370.6936526
368.1936526
365.6936526
363.1936526
360.6936526
358.1936526
355.6936526
353.9906306
354.9275256
355.8644206
356.8013156
357.7382106
358.6751056
359.6120006
360.5488956
361.4857906
362.4226856
363.3595806
364.2964756
365.2333706
366.1702656
367.1071606
368.0440556
368.9809506
369.9178456
370.8547406
372.0950366
375.0950366
378.0950366
381.0950366
384.0950366
387.0950366
390.0950366
393.0950366
396.0950366
399.0950366
398.5146619
397.0146619
395.5146619
394.0146619
392.5146619
391.0146619
389.5146619
388.0146619
386.5146619
385.0146619
383.5146619
382.0146619
381.1738241
383.1107191
385.0476141
386.9845091
388.9214041
390.8582991
392.7951941
394.7320891
396.6689841
398.6058791
400.5427741
402.4796691
404.4165641
406.3534591
408.2903541
410.2272491
412.1641441
414.1010391
416.0379341
417.9748291
419.9117241
421.8486191
424.9235815
428.9235815
432.9235815
436.9235815
440.9235815
444.9235815
448.9235815
452.9235815
456.9235815
460.9235815
464.9235815
468.9235815
472.9235815
476.9235815
480.9235815
484.9235815
488.9235815
492.9235815
496.9235815
500.9235815
504.9235815
508.9235815
512.9235815
516.9235815
520.9235815
524.9235815
528.9235815
532.9235815
536.9235815
540.9235815
544.9235815
548.9235815
552.9235815
556.9235815
560.9235815
564.9235815
568.9235815
572.9235815
576.9235815
580.9235815
584.9235815
588.9235815
592.9235815
596.9235815
600.9235815
604.9235815
608.9235815
612.9235815
616.9235815
620.9235815
624.9235815
628.9235815
632.9235815
636.9235815
640.9235815
644.9235815
648.9235815
652.9235815
656.9235815
660.9235815
664.9235815
668.9235815
672.9235815
676.9235815
680.9235815
684.9235815
688.9235815
692.9235815
696.9235815
700.9235815
704.9235815
708.9235815
712.9235815
716.9235815
720.9235815
724.9235815
728.9235815
732.9235815
736.9235815
740.9235815
744.9235815
748.9235815
752.9235815
756.9235815
760.9235815
764.9235815
768.9235815
772.9235815
776.9235815
780.9235815
784.9235815
788.9235815
792.9235815
796.9235815
800.9235815
804.9235815
808.9235815
812.9235815
816.9235815
820.9235815
824.9235815
828.9235815
832.9235815
836.9235815
840.9235815
844.9235815
848.9235815
852.9235815
856.9235815
860.9235815
864.9235815
868.9235815
872.9235815
876.9235815
880.9235815
884.9235815
888.9235815
892.9235815
896.9235815
900.9235815
904.9235815
908.9235815
912.9235815
916.9235815
920.9235815
924.9235815
928.9235815
932.9235815
936.9235815
940.9235815
944.9235815
948.9235815
952.9235815
956.9235815
960.9235815
964.9235815
968.9235815
972.9235815
976.9235815
980.9235815
984.9235815
988.9235815
992.9235815
996.9235815
1000.923582
1004.923582
1008.923582
1012.923582
1016.923582
1020.923582
1024.923582
1028.923582
1032.923582
1036.923582
1040.923582
1044.923582
1048.923582
1052.923582
1056.923582
1060.923582
1064.923582
1068.923582
1072.923582
1076.923582
1080.923582
1084.923582
1088.923582
1092.923582
1096.923582
1100.923582
1104.923582
1108.923582
1112.923582
1116.923582
1120.923582
1124.923582
1128.923582
1132.923582
1136.923582
1140.923582
1144.923582
1148.923582
1152.923582
1156.923582
1160.923582
1164.923582
1168.923582
1172.923582
1176.923582
1180.923582
1184.923582
1188.923582
1192.923582
1196.923582
1200.923582
1204.923582
1208.923582
1212.923582
1216.923582
1220.923582
1224.923582
1228.923582
1232.923582
1236.923582
1240.923582
1244.923582
1248.923582
1252.923582
1256.923582
1260.923582
1264.923582
1268.923582
1272.923582
1276.923582
1280.923582
1284.923582
1288.923582
1292.923582
1296.923582
1300.923582
1304.923582
1308.923582
1312.923582
1316.923582
1320.923582
1324.923582
1328.923582
1332.923582
1336.923582
1340.923582
1344.923582
1348.923582
1352.923582
1356.923582
1360.923582
1364.923582
1368.923582
1372.923582
1376.923582
1380.923582
1384.923582
1388.923582
1392.923582
1396.923582
1400.923582
1404.923582
1408.923582
1412.923582
1416.923582
1420.923582
1424.923582
1428.923582
1432.923582
1436.923582
1440.923582
1444.923582
1448.923582
1452.923582
1456.923582
1460.923582
1464.923582
1468.923582
1472.923582
1476.923582
1480.923582
1484.923582
1488.923582
1492.923582
1496.923582
1500.923582
1504.923582
1508.923582
1512.923582
1516.923582
1520.923582
1524.923582
1528.923582
1532.923582
1536.923582
1540.923582
1544.923582
1548.923582
1552.923582
1556.923582
1560.923582
1564.923582
1568.923582
1572.923582
1576.923582
1580.923582
1584.923582
1588.923582
1592.923582
1596.923582
1600.923582
1604.923582
1608.923582
1612.923582
1616.923582
1620.923582
1624.923582
1628.923582
1632.923582
1636.923582
1640.923582
1644.923582
1648.923582
1652.923582
1656.923582
1660.923582
