5488.43014028
5478.43014028
5468.43014028
5458.43014028
5448.43014028
5438.43014028
5428.43014028
5418.43014028
5408.43014028
5398.43014028
5388.43014028
5378.43014028
5368.43014028
5358.43014028
5348.43014028
5338.43014028
5328.43014028
5318.43014028
5308.43014028
5298.43014028
5288.43014028
5278.43014028
5268.43014028
5258.43014028
5248.43014028
5238.43014028
5228.43014028
5218.43014028
5208.43014028
5198.43014028
5188.43014028
5178.43014028
5168.43014028
5158.43014028
5148.43014028
5138.43014028
5128.43014028
5118.43014028
5108.43014028
5098.43014028
5088.76305383
5078.43014028
5068.43014028
5058.43014028
5048.43014028
5038.43014028
5028.43014028
5018.43014028
5008.43014028
4998.43014028
4988.43014028
4978.43014028
4968.43014028
4958.43014028
4948.43014028
4938.43014028
4928.43014028
4918.43014028
4908.76305383
4898.43014028
4888.43014028
4878.43014028
4868.43014028
4858.43014028
4848.43014028
4838.43014028
4828.43014028
4818.43014028
4808.76305383
4798.43014028
4788.43014028
4778.43014028
4768.43014028
4758.43014028
4748.43014028
4738.76305383
4728.43014028
4718.43014028
4708.43014028
4698.43014028
4688.43014028
4678.43014028
4668.43014028
4658.43014028
4648.43014028
4638.43014028
4628.43014028
4618.43014028
4608.43014028
4598.43014028
4588.43014028
4578.43014028
4568.43014028
4558.43014028
4548.43014028
4538.43014028
4528.43014028
4518.43014028
4508.43014028
4498.43014028
4488.43014028
4478.43014028
4468.43014028
4458.43014028
4448.43014028
4438.43014028
4428.43014028
4418.43014028
4408.43014028
4398.43014028
4388.43014028
4378.43014028
4368.43014028
4358.43014028
4348.43014028
4338.43014028
4328.76305383
4318.43014028
4308.43014028
4298.43014028
4288.43014028
4278.43014028
4268.43014028
4258.43014028
4248.43014028
4238.43014028
4228.43014028
4218.43014028
4208.76305383
4198.43014028
4188.43014028
4178.43014028
4168.43014028
4158.43014028
4148.76305383
4138.43014028
4128.43014028
4118.43014028
4108.43014028
4098.43014028
4088.43014028
4078.43014028
4068.43014028
4058.43014028
4048.43014028
4038.43014028
4028.43014028
4018.43014028
4008.43014028
3998.43014028
3988.43014028
3978.43014028
3968.43014028
3958.43014028
3948.43014028
3938.43014028
3928.43014028
3918.43014028
3908.43014028
3898.43014028
3888.43014028
3878.43014028
3868.43014028
3858.43014028
3848.43014028
3838.43014028
3828.43014028
3818.43014028
3808.76305383
3798.43014028
3788.43014028
3778.43014028
3768.43014028
3758.43014028
3748.43014028
3738.43014028
3728.43014028
3718.43014028
3708.43014028
3698.43014028
3688.43014028
3678.43014028
3668.43014028
3658.43014028
3648.43014028
3638.76305383
3628.43014028
3618.43014028
3608.43014028
3598.43014028
3588.43014028
3578.43014028
3568.43014028
3558.43014028
3548.43014028
3538.43014028
3528.43014028
3518.43014028
3508.43014028
3498.43014028
3488.43014028
3478.43014028
3468.43014028
3458.43014028
3448.43014028
3438.43014028
3428.43014028
3418.43014028
3408.43014028
3398.43014028
3388.43014028
3378.43014028
3368.43014028
3358.43014028
3348.43014028
3338.43014028
3328.43014028
3318.43014028
3308.43014028
3298.43014028
3288.43014028
3278.43014028
3268.43014028
3258.43014028
3248.43014028
3238.43014028
3228.43014028
3218.43014028
3208.43014028
3198.43014028
3188.43014028
3178.43014028
3168.43014028
3158.43014028
3148.43014028
3138.43014028
3128.43014028
3118.43014028
3108.43014028
3098.43014028
3088.43014028
3078.43014028
3068.43014028
3058.43014028
3048.43014028
3038.43014028
3028.43014028
3018.43014028
3008.43014028
2998.43014028
2988.43014028
2978.43014028
2968.43014028
2958.43014028
2948.43014028
2938.43014028
2928.43014028
2918.43014028
2908.43014028
2898.43014028
2888.43014028
2878.43014028
2868.43014028
2858.43014028
2848.43014028
2838.43014028
2828.43014028
2818.43014028
2808.43014028
2798.43014028
2788.43014028
2778.43014028
2768.43014028
2758.43014028
2748.43014028
2738.43014028
2728.43014028
2718.43014028
2708.43014028
2698.43014028
2688.43014028
2678.43014028
2668.43014028
2658.43014028
2648.43014028
2638.43014028
2628.43014028
2618.43014028
2608.43014028
2598.43014028
2588.43014028
2578.43014028
2568.43014028
2558.43014028
2548.43014028
2538.43014028
2528.43014028
2518.43014028
2508.43014028
2498.43014028
2488.43014028
2478.43014028
2468.43014028
2458.43014028
2448.43014028
2438.43014028
2428.43014028
2418.43014028
2408.43014028
2398.43014028
2388.43014028
2378.43014028
2368.43014028
2358.43014028
2348.43014028
2338.43014028
2328.43014028
2318.43014028
2308.43014028
2298.43014028
2288.43014028
2278.43014028
2268.43014028
2258.43014028
2248.43014028
2238.43014028
2228.43014028
2218.43014028
2208.43014028
2198.43014028
2188.43014028
2178.43014028
2168.43014028
2158.43014028
2148.43014028
2138.43014028
2128.43014028
2118.43014028
2108.43014028
2098.43014028
2088.43014028
2078.43014028
2068.43014028
2058.43014028
2048.43014028
2038.43014028
2028.43014028
2018.43014028
2008.43014028
1998.43014028
1988.43014028
1978.43014028
1968.43014028
1958.43014028
1948.43014028
1938.43014028
1928.43014028
1918.43014028
1908.43014028
1898.43014028
1888.43014028
1878.43014028
1868.43014028
1858.43014028
1848.43014028
1838.43014028
1828.43014028
1818.43014028
1808.43014028
1798.43014028
1788.43014028
1778.43014028
1768.43014028
1758.43014028
1748.43014028
1738.43014028
1728.43014028
1718.43014028
1708.43014028
1698.43014028
1688.43014028
1678.43014028
1668.43014028
1658.43014028
1648.43014028
1638.43014028
1628.43014028
1618.43014028
1608.43014028
1598.43014028
1588.43014028
1578.43014028
1568.43014028
1558.43014028
1548.43014028
1538.43014028
1528.43014028
1518.43014028
1508.43014028
1498.43014028
1488.43014028
1478.43014028
1468.43014028
1458.43014028
1448.43014028
1438.43014028
1428.43014028
1418.43014028
1408.43014028
1398.43014028
1388.43014028
1378.43014028
1368.43014028
1358.43014028
1348.43014028
1338.43014028
1328.43014028
1318.43014028
1308.43014028
1298.43014028
1288.43014028
1278.43014028
1268.43014028
1258.43014028
1248.43014028
1238.43014028
1228.43014028
1218.43014028
1208.43014028
1198.43014028
1188.43014028
1178.43014028
1168.43014028
1158.43014028
1148.43014028
1138.43014028
1128.43014028
1118.43014028
1108.43014028
1098.43014028
1088.43014028
1078.43014028
1068.43014028
1058.43014028
1048.43014028
1038.43014028
1028.43014028
1018.43014028
1008.43014028
998.43014028
988.43014028
978.43014028
968.43014028
958.43014028
948.43014028
938.43014028
928.43014028
918.43014028
908.43014028
898.43014028
888.43014028
878.43014028
868.43014028
858.43014028
848.43014028
838.43014028
828.43014028
818.43014028
808.43014028
798.43014028
788.43014028
778.43014028
768.43014028
758.43014028
748.43014028
738.43014028
728.43014028
718.43014028
708.43014028
698.43014028
688.43014028
678.43014028
668.43014028
658.43014028
648.43014028
638.43014028
628.43014028
618.43014028
608.43014028
598.43014028
588.43014028
578.43014028
568.43014028
558.43014028
548.43014028
538.43014028
528.43014028
518.43014028
508.43014028
498.43014028
488.43014028
478.43014028
468.43014028
458.43014028
448.43014028
438.43014028
428.43014028
418.43014028
408.43014028
398.43014028
388.43014028
378.43014028
368.43014028
358.43014028
349.29474703
341.35785203
333.42095703
325.48406203
317.54716703
312.55546320
308.05546320
303.55546320
299.54716703
298.48406203
297.42095703
296.35785203
295.29474703
295.43014028
296.43014028
297.43014028
298.43014028
299.43014028
300.43014028
301.43014028
302.43014028
303.43014028
304.43014028
305.43014028
306.43014028
307.43014028
308.43014028
309.43014028
310.43014028
311.43014028
312.43014028
313.43014028
314.43014028
315.43014028
316.43014028
317.43014028
312.18922431
305.25232931
298.31543431
291.37853931
284.44164431
277.50474931
270.56785431
264.37437183
260.87437183
257.37437183
253.87437183
250.37437183
246.87437183
243.37437183
242.56785431
242.50474931
242.44164431
242.37853931
242.31543431
242.25232931
242.18922431
242.12611931
243.88231540
245.88231540
247.88231540
249.88231540
251.88231540
253.88231540
255.88231540
257.88231540
259.88231540
261.88231540
263.88231540
265.88231540
267.88231540
269.88231540
271.88231540
273.88231540
275.88231540
277.88231540
279.88231540
281.88231540
283.88231540
285.88231540
287.88231540
289.88231540
291.88231540
293.88231540
295.88231540
297.88231540
299.88231540
301.88231540
303.88231540
305.88231540
307.88231540
309.88231540
311.88231540
313.88231540
315.88231540
317.88231540
319.88231540
321.88231540
323.88231540
325.88231540
327.88231540
329.88231540
331.88231540
333.88231540
333.15113691
330.65113691
328.15113691
325.65113691
323.15113691
320.65113691
318.15113691
317.20275729
318.13965229
319.07654729
320.01344229
320.95033729
321.88723229
322.82412729
323.76102229
324.69791729
325.63481229
326.57170729
328.07910970
331.07910970
334.07910970
337.07910970
340.07910970
343.07910970
346.07910970
349.07910970
352.07910970
355.07910970
358.07910970
361.07910970
364.07910970
367.07910970
370.07910970
373.07910970
370.31263771
365.37574271
360.43884771
356.36874337
354.86874337
353.36874337
351.86874337
350.36874337
348.86874337
347.36874337
345.86874337
344.36874337
342.86874337
341.36874337
342.43884771
344.37574271
346.31263771
348.24953271
350.18642771
352.12332271
354.06021771
355.99711271
357.93400771
359.87090271
361.80779771
363.74469271
365.68158771
369.35994767
373.35994767
377.35994767
381.35994767
385.35994767
389.35994767
393.35994767
397.35994767
401.35994767
405.35994767
409.35994767
413.35994767
417.35994767
421.35994767
425.35994767
429.35994767
433.35994767
437.35994767
441.35994767
445.35994767
449.35994767
453.35994767
457.35994767
461.35994767
465.35994767
469.35994767
473.35994767
477.35994767
481.35994767
485.35994767
489.35994767
493.35994767
497.35994767
501.35994767
505.35994767
509.35994767
513.35994767
517.35994767
521.35994767
525.35994767
529.35994767
533.35994767
537.35994767
541.35994767
545.35994767
549.35994767
553.35994767
557.35994767
561.35994767
565.35994767
569.35994767
573.35994767
577.35994767
581.35994767
585.35994767
589.35994767
593.35994767
597.35994767
601.35994767
605.35994767
609.35994767
613.35994767
617.35994767
621.35994767
625.35994767
629.35994767
633.35994767
637.35994767
641.35994767
645.35994767
649.35994767
653.35994767
657.35994767
661.35994767
665.35994767
669.35994767
673.35994767
677.35994767
681.35994767
685.35994767
689.35994767
693.35994767
697.35994767
701.35994767
705.35994767
709.35994767
713.35994767
717.35994767
721.35994767
725.35994767
729.35994767
733.35994767
737.35994767
741.35994767
745.35994767
749.35994767
753.35994767
757.35994767
761.35994767
765.35994767
769.35994767
773.35994767
777.35994767
781.35994767
785.35994767
789.35994767
793.35994767
797.35994767
801.35994767
805.35994767
809.35994767
813.35994767
817.35994767
821.35994767
825.35994767
829.35994767
833.35994767
837.35994767
841.35994767
845.35994767
849.35994767
853.35994767
857.35994767
861.35994767
865.35994767
869.35994767
873.35994767
877.35994767
881.35994767
885.35994767
889.35994767
893.35994767
897.35994767
901.35994767
905.35994767
909.35994767
913.35994767
917.35994767
921.35994767
925.35994767
929.35994767
933.35994767
937.35994767
941.35994767
945.35994767
949.35994767
953.35994767
957.35994767
961.35994767
965.35994767
969.35994767
973.35994767
977.35994767
981.35994767
985.35994767
989.35994767
993.35994767
997.35994767
1001.35994767
1005.35994767
1009.35994767
1013.35994767
1017.35994767
1021.35994767
1025.35994767
1029.35994767
1033.35994767
1037.35994767
1041.35994767
1045.35994767
1049.35994767
1053.35994767
1057.35994767
1061.35994767
1065.35994767
1069.35994767
1073.35994767
1077.35994767
1081.35994767
1085.35994767
1089.35994767
1093.35994767
1097.35994767
1101.35994767
1105.35994767
1109.35994767
1113.35994767
1117.35994767
1121.35994767
1125.35994767
1129.35994767
1133.35994767
1137.35994767
1141.35994767
1145.35994767
1149.35994767
1153.35994767
1157.35994767
1161.35994767
1165.35994767
1169.35994767
1173.35994767
1177.35994767
1181.35994767
1185.35994767
1189.35994767
1193.35994767
1197.35994767
1201.35994767
1205.35994767
1209.35994767
1213.35994767
1217.35994767
1221.35994767
1225.35994767
1229.35994767
1233.35994767
1237.35994767
1241.35994767
1245.35994767
1249.35994767
1253.35994767
1257.35994767
1261.35994767
1265.35994767
1269.35994767
1273.35994767
1277.35994767
1281.35994767
1285.35994767
1289.35994767
1293.35994767
1297.35994767
1301.35994767
1305.35994767
1309.35994767
1313.35994767
1317.35994767
1321.35994767
1325.35994767
1329.35994767
1333.35994767
1337.35994767
1341.35994767
1345.35994767
1349.35994767
1353.35994767
1357.35994767
1361.35994767
1365.35994767
1369.35994767
1373.35994767
1377.35994767
1381.35994767
1385.35994767
1389.35994767
1393.35994767
1397.35994767
1401.35994767
1405.35994767
1409.35994767
1413.35994767
1417.35994767
1421.35994767
1425.35994767
1429.35994767
1433.35994767
1437.35994767
1441.35994767
1445.35994767
1449.35994767
1453.35994767
1457.35994767
1461.35994767
1465.35994767
1469.35994767
1473.35994767
1477.35994767
1481.35994767
1485.35994767
1489.35994767
1493.35994767
1497.35994767
1501.35994767
1505.35994767
1509.35994767
1513.35994767
1517.35994767
1521.35994767
1525.35994767
1529.35994767
1533.35994767
1537.35994767
1541.35994767
1545.35994767
1549.35994767
1553.35994767
1557.35994767
1561.35994767
1565.35994767
1569.35994767
1573.35994767
1577.35994767
1581.35994767
1585.35994767
1589.35994767
1593.35994767
1597.35994767
1601.35994767
1605.35994767
1609.35994767
1613.35994767
1617.35994767
1621.35994767
1625.35994767
1629.35994767
1633.35994767
1637.35994767
1641.35994767
1645.35994767
1649.35994767
1653.35994767
